-0.36890878755847606
-0.10438655125907736
-0.8649773585723584
0.10406013811597223
-0.9415670438622153
0.21880648456795862
0.02939837638718031
-0.6093605560249151
-0.7843981258770443
0.05175409252009386
0.47857283068657347
1.000000000000000
0.04451597145201823
1.000000000000000
1.000000000000000
-0.2089792240829866
-0.18171332293172582
0.1096389651710906
0.10156517565612452
-0.1769751291008933
0.5201164135928636
-0.4734036573443188
0.5959916606002715
0.3381505368958939
0.8990970200550915
-0.42011162699274707
0.27919459890914633
0.6529490393953902
-0.751126484173668
-0.563351869877133
-0.8519393098640436
0.4030229695407757
-1.000000000000000
1.000000000000000
-0.7652726897821989
-0.9158218619276888
-0.7944917039428039
-0.028585856859863035
-0.08644285271328725
0.9553953967675097
0.4866957269143657
0.8238201544666082
0.48893848260323325
-0.5043289930758217
-0.1723606107763296
0.9817902737220112
-0.20282365508168526
-0.5507934064996247
-0.5250552736481832
-0.004521379776200013
-0.4281355377867835
-0.057314592894841365
0.0904388612398391
0.2275709664367051
-0.9655044661687083
-0.1357524987307473
-0.7238418163860336
0.21733741336069679
-0.9234266109854418
-0.7201327371111255
0.7603419457927506
0.925478209349719
-1.000000000000000
0.006212890523005943
-0.05618735316775875
0.689896365484302
-0.391995631082651
-0.1773070941915951
0.5556370373167506
0.8143565769545675
-0.12182785407142155
-0.9772594316328989
0.8398550481290431
-0.6210757860825218
-0.5453078213147363
-0.3508300225213861
-1.000000000000000
-0.18103584806891584
-0.8793706995158648
0.6507122136188255
-0.005780406019564768
0.7296127665509599
-0.14522421201919533
-0.22486017859151425
0.1715514545989621
-0.36643249384927273
-0.05014218589035363
0.33418925062777244
-0.6045150279017907
0.49337356849488606
0.7166336224981259
-0.9305716550966681
0.3850655999568836
-0.7744168119779509
0.4372043526867516
0.6596481849090434
0.7657432121766344
0.5887941452196337
-0.943112747639114
-0.5819568570850329
0.2744732588183335
0.3588443266081789
-0.5898938490083114
0.8877216031603022
-0.7403257045852144
0.17086042671168455
0.05302208238366521
0.40007217594856637
0.2451554510289355
-0.6887196469315969
0.40374924035129095
-1.000000000000000
0.30157280261211766
0.6717692849345634
-0.41698936567493683
-0.34662352247104683
-0.3868757594597054
-0.45746047870613404
0.2007560386997027
0.7651769410261572
-1.000000000000000
-0.5164950870897571
-0.9864316414042162
-0.72622826834292
-0.09504206824567103
0.9270707836976461
-0.3252953833259506
-0.04803649798094722
0.9835490709900984
-0.9852763949082327
0.1870303113460573
-0.7207696948913084
-0.36617696940542366
-0.15200305180918375
0.6771676377099265
0.4383007136578412
0.5366046038009912
-0.16475207798902886
0.9115895339554779
-0.5334002290871448
0.7421005177458189
-0.6911660767319264
-0.9914346259842074
-0.751336198993578
-0.21513678679985415
0.017409572251981358
0.7530681207395955
-0.35722899600695107
0.24575160443854208
-0.5633079081110623
-0.44461701829442535
1.000000000000000
0.9652557727260331
-0.6462132350296175
-0.9811753295018242
-0.9391617233530349
-0.6416757449138876
-0.48457194268768977
0.6090151858406372
-0.8956132408153332
-0.36368607068284153
-0.34989176130653593
-0.9664739102201858
0.2511361163653016
0.4852131354248424
-0.054726066776929684
-0.7653259062704202
0.3746975901554957
-0.4667759458025261
0.09531570041693121
-0.36928590167576125
0.6986242714862857
0.43974016738830407
0.36172088800207186
0.9334128955979316
0.1714074834056145
-0.6271157898002138
-0.05588279553955963
-0.9716152747505789
-0.8009816702354221
0.1867626476822714
0.4910760163264364
-0.5573477062261851
-0.5507981191428737
0.4949956458138222
0.13653832742300798
-0.6703610456909372
0.2929899261451357
0.31913862398293513
0.3409579334888405
1.000000000000000
-0.9818070062452153
0.4132131117674901
-0.07030080870321584
0.4357620407655073
0.5706013090239609
-0.5974203751170818
0.025152763689340454
-0.1898123126769526
0.8828756838624382
-0.4876060638046587
-0.6002580634778234
-0.9356830918809977
0.6157722423450093
0.8120959512687426
-0.5287494596301929
-0.8248662201454667
0.2007769120537558
-0.7316168450794622
0.7445078892324841
0.4400704935043344
0.9613115320203476
-0.640376574130845
-0.21553315536816312
-0.6429140682335853
-0.0838424360470032
-0.227923078769527
0.3350278281716126
-0.4289243517912635
-0.5643151431356488
0.2110440068798432
0.2635205184008681
0.259986425473089
0.2683689257305752
0.5820139814816332
-0.9786496050831983
0.29436880827415923
0.47383753317259586
-0.003929226881206144
-0.11007319494001098
0.7200603398180395
0.6976708712662489
0.40548147763696496
0.5208426102216055
-0.6319264307317756
-0.8050093776910064
-0.24464982444939207
0.6081069328397231
0.4147003857249464
0.9045980390953857
-0.8828085863855271
0.7050790822522937
0.13724200286315488
0.5848496272535426
-0.8509464946239074
-0.004331140575674325
-0.48015767032964884
0.5153369558373017
-0.8370535744238131
0.7096856178291386
-0.3361144875491566
1.000000000000000
-0.8053884223202281
1.000000000000000
-0.6466309734237761
0.11047180555718811
-0.8424499163421737
-0.1786445437758884
0.747276058511109
0.5710088690973938
0.8474440234933548
0.5173458415935199
-0.053572348133518626
-0.6629661595728017
-0.04129122526700993
