0.228814184059633
0.5535886958822329
-0.7451618497432626
0.3402692952469269
-0.7975907155228521
0.9885215626734398
0.6458821921143991
0.038026298619981164
0.005457040725019622
-0.726939335077737
-1.000000000000000
-0.09508594248288588
0.47966053817622506
-0.8036225294169572
0.47463195632635435
0.6873657084024708
0.7383370044325681
0.4845862872743674
-0.5807815102873609
0.44127513473432856
-0.019759276664272213
-0.23720917701648053
0.11099982932646718
0.912088803298969
0.8985814649659696
-0.7465582716553328
0.7055049392020961
0.08257426856300926
0.047788431525752816
-1.000000000000000
0.8483986835065138
-0.46454339480183726
-0.13174745811378843
0.2880456923602622
0.3183783593547107
-0.2760646089123737
-0.44549004016072014
0.16030597952174164
0.2815550104990492
0.04289935656704716
-0.4361607048412278
-0.23443078957330313
-0.2750774279970047
-0.26898561577590174
-0.9610408932706431
-0.13823857833291459
0.5074618614376103
-0.13924118810111827
-0.15601877621234933
0.7425867038232621
-0.6898967939885517
-0.3838980777683175
0.567921827223608
0.9146425804707714
0.36347849809622307
-0.2886186302213696
0.5077011315150263
-0.22987333253552517
0.1647664756156647
0.7804288014563303
0.4477264466947244
-1.000000000000000
0.19859187479379586
0.7960556866106064
0.9509785411317997
-0.6345970086829188
0.6498621410480419
0.6561232703142558
0.5127238320315656
0.41357674150450713
0.4538314869808885
-0.2070946565314968
0.7749044086837487
0.39890246652309885
-0.34070724403966185
-1.000000000000000
-0.9813938037186066
0.7809179971688809
0.7844556075066325
-0.8533606515552151
-0.11260526265605764
-0.3805162332735797
-0.516762603452143
0.24106463502458436
-0.30038963114645667
-0.4781159792204418
-0.3239787963006877
-0.08475826005220927
-0.038864094004247965
0.6313260367675645
0.6302671084138601
0.007132898844601027
0.19732678996353015
-0.9993233719933092
0.9604036249751826
-0.5082673250136394
-0.03519568848339913
0.8038565789487686
0.6699294611973204
-0.46685794108385337
0.12548034598528612
-0.9355765522950886
0.8486020333150994
-0.867913304368258
-1.000000000000000
-0.7476521389292755
-0.8086255455649707
0.8414796848025237
-0.943256369607003
0.4874090249371623
0.2078869450173315
0.5013000712859539
0.005338529684836293
-0.009855760559395854
-0.48670752973120557
-0.8078795718869584
-0.3370781550006947
0.30955802909255414
-0.7819706549785693
-0.5917172847980391
0.4440834858078868
-0.6416254818125315
0.5126163412956423
1.000000000000000
-0.48032858225999253
0.838726875385452
-0.8632474618446038
0.5975687589673575
0.4351343287919467
-0.039513088262103105
0.8009228538482267
0.8818285864318078
-1.000000000000000
-0.7829212525272575
-0.9486994085760522
-0.2366763125691834
-0.5521959148893589
0.2384061806545311
-0.01251574344250364
-0.5969174877261931
0.21165141830102618
0.9330658287691235
-0.38789176272776793
-0.3384601906473293
-0.3895556832871656
1.000000000000000
-0.3166577009769406
-0.06621831503542036
0.11285182096829138
-0.9982676678673216
-0.9841338486704219
-0.7609530430512916
-0.6443644033239413
0.9040514469821401
0.9003652802590387
-0.396010863538408
1.000000000000000
-0.3329975261955897
-0.38573537935569036
-0.2462432846530563
0.5665581683269704
0.2752676280630565
-0.4040154743507409
-0.5374062301205279
0.3881228112365226
-0.35163775306777256
0.1232617434609583
-0.3896954058560748
0.5416191067067785
0.45407104814962884
1.000000000000000
0.28386200571359355
0.4363569792784465
0.5466178686643762
0.8880921462061053
-0.990036836137464
-0.6418919053641828
0.19020628571541315
0.18231018500852542
0.26463199134876425
-0.26755687592134025
0.3021019582665472
-0.7780784144719268
0.4385867768083217
-0.5296779175769587
0.836287118637373
0.9791038216909764
-0.9972544484141387
0.45857414524608975
0.5425282427324813
0.13502271494428142
0.6963400920833726
0.13046680546964912
-0.86700912684494
-0.6358058148619591
-0.4103230125977392
0.9952586552676962
-0.17158762194335564
-0.8980273690223265
0.053045325251407
-0.3877461910652043
-0.01529463481184111
0.38831618810708435
-0.11422919061211184
-1.000000000000000
-0.5257645766812552
0.470483031312386
-0.7367188631755435
0.530584465318365
0.148229544824512
0.7367750061494865
-0.26846058726366173
-0.09494120537666023
0.773338160872902
0.41695422929007553
-0.8249331323399542
0.34421815227549313
-1.000000000000000
0.2496886278639476
-0.9886751904643699
-0.3032513242150223
-0.16483495839304657
-0.2727954751320365
0.8967473775309993
0.802117565440381
0.8420921730286001
-0.3168367041376252
0.11372878708500464
-0.1788957695967481
-0.30446358902426096
-0.1670938703569068
0.338123086485324
0.253695121434851
-0.6009016292682399
0.5987065686964362
0.5778966196077427
0.19512491759304085
-0.046931757000174844
-0.5054997241193131
-0.2625463106308148
0.6506525863755512
0.14421640006988323
0.6896027847580635
-0.531865238504546
0.6515565739358089
-0.5928797489854891
-0.2928824385404167
-0.9857371248632847
-0.6035543497442993
-0.3720784744035534
0.2862769352066319
0.7154658424944402
0.27813568848324793
-0.7096239159972032
0.8159595750935911
-0.14682082427523124
0.529780648468482
0.7059837515533592
0.7863950634375302
-0.49056384343224857
-0.02496774158012771
0.9869623791751154
0.876448753119661
0.7486335603520916
-0.4609211767329235
