-0.4130807680382804
0.49437671453537835
0.01550418766369501
-0.3849198174826841
0.44137522739873
-0.01973844901820032
0.05573737418908693
0.3817774008284418
0.20549640217428766
0.029380659722184954
0.20961704491320454
-0.3665137147042097
0.1093058834585189
-0.29515411939221803
-0.5714232852688792
0.5374246393624766
-0.013067935901005884
-0.7616543165343215
0.03194992851936887
0.03023995785095515
0.08849526788923415
-0.2730888802124386
-0.3526157465949912
-0.3650965846878719
-0.0052975493704411625
0.28344588986455255
-0.40575030315713567
0.13562603485863922
-0.2716985809897613
0.4461351053837367
-0.5210388937001601
-0.6177243948606147
-0.6015710181919947
0.621923519933177
-0.09108882719206601
0.49847440892194267
0.08109318292892126
0.08142295258364021
-0.18738613242833918
0.43124655739512746
0.9452999115442344
0.06951463722591383
-0.15681948245077942
-0.24807710776874348
0.36333540705061573
0.20662344284871698
0.1830744156478843
0.04766405707931185
0.1825194064619157
-0.011482433518280558
0.14164272732686417
-0.28599170879755076
0.05854585114071484
-0.16781714332414932
-0.9059344049073569
-0.557212455685698
-0.2571231276516095
0.430565080776577
0.13955645488409685
0.265050524940438
-0.11123925206509376
0.10949108440075825
0.4216343227961169
-0.16785463955843266
0.06742000010050919
0.11349127744926132
-0.30700229638048365
0.7020098008695215
-0.3451769213919291
0.13644435506468283
0.20872278812891457
-0.6927369436937636
0.17998348749243176
0.48447789666237445
-0.6222417136246197
-0.2655340784674507
0.78167383834655
0.24437988097731342
0.040910516166163764
-0.29056395215381264
0.14227778072613914
-0.2463296001780834
0.27375470757212245
-0.17584499253408967
-0.15239882427123336
0.11140269577031897
-0.7311395626901812
-0.5365407935659877
-0.48293458589114935
-0.009718296413461521
-0.032307094395398445
0.3586258227470857
0.5138588538310077
-0.3449356346555523
-0.4940112728296765
-0.3299690432989642
-0.018070885023546673
-0.05432878646048375
0.2812423041358867
0.5188467392625138
-0.42373137808401373
-0.09776461741022834
0.2932659806365231
0.2212246687024178
-0.0796246546866073
0.7084803512787174
-0.5410311627373285
0.3175055331467965
0.0610704567531995
0.39780722934688256
0.28190133636223746
0.5514478881880857
-0.2329389983218822
-0.4983705906020729
0.7035212976995617
-0.5106155777811533
0.12785554830783202
0.29849111722408833
0.42643838808971857
-0.073979479640766
-0.6949615300952123
0.07286688994158999
-0.119838723921892
-0.2692077953354899
0.6255387212966705
-0.8558719468763001
0.11990077337279649
0.3116438120782658
-0.9098891731750153
0.30245811610377266
-0.16101897560005568
0.3140379203901394
0.40476638328159004
-0.11935176178067121
0.002330645006163347
-0.5081641273898565
-0.6068520922595713
0.028587965252400652
-0.07865061858459306
0.09174106081329869
-0.13710883399584173
-0.14768060363489874
-0.19406185975731205
-0.45645538182208956
0.46141094863661025
0.3335813462391761
0.5363611413060829
0.37217867842241426
0.8349378602245859
0.4261143287938267
-0.005147528376390043
0.06021655818573708
-0.7777262129675998
0.6995551412978955
0.27101619183753795
0.5910444527272661
0.5781921919007721
0.08929617187430564
-0.16342037950496086
0.18165911933477544
0.45352072773560154
-0.3196221058996703
-0.5950483642575576
0.11115833270930235
0.1849661752193409
0.27806979874156806
0.31386556604162585
0.06904619879842828
0.3686406745646697
0.3716466519380698
-0.036824745064003496
0.5719422156220544
0.03561126584660096
0.1399211735056389
-0.427213565022021
-0.12336906586953414
-0.009102959897854278
-0.06565151176740405
-0.3685246741780236
-0.16607970595473284
0.20403484293720442
-0.7674874787059212
-0.07093975678673611
0.09859171427584298
-0.11577668822604109
-0.19493050149286292
-0.8367380376369673
0.22994948450824354
0.06196950448926892
0.5301889819829005
0.3442083704779118
-0.04183402296885512
-0.5268402780882945
-0.28203173223977046
-0.7737885290005208
0.06175464436880174
-0.3218583417834029
0.2670191857800653
0.02695512398563838
-0.13976916457441224
0.13722391460249855
0.39475686456509496
0.28298108602968375
0.04273056218435359
0.038626231267509185
0.10151810463849732
0.17556506828247068
-0.7962820958522686
-0.18089578067757495
0.455600485109012
-0.4200315616906468
0.11239607016562617
-0.04096674357936451
0.321273812966305
-0.4987307992079993
0.14599947191013535
0.04252455814074792
-0.6052380339623318
0.5440007624266923
-0.1321599053996828
-0.18009488713777466
-0.26246698855998807
0.622085350455261
-0.5690635565587475
0.0674706631080116
0.28664961073107564
-0.02710623159262302
0.08009155575788253
0.29960448387383376
0.46189732727321975
0.36913656049244187
0.07047771179664919
0.33486701345662545
-0.2955756130335342
0.32358982419125537
0.4226670642132373
-0.3346806954466402
0.09467858696023507
0.9966236077684816
0.03273272188290699
-0.6869992742401588
-0.44690676264747087
0.3676492032160875
-0.4259783728475802
0.5617887775809816
-0.1968240876460457
0.4730417049867708
0.6035694278075635
-0.2952850492867032
-0.018751164870807996
-0.08427449199175335
-0.12917239011149595
-0.0667561058090898
0.368997718440217
0.7526275729174493
-0.05928019673260271
0.006892023598870438
0.6703867490707266
-0.01230826133949428
-0.04019849846832571
0.006925142446999765
0.1627237853135458
-0.27543259308398893
0.5828372864675825
0.16017764204016183
