-0.3101084180414292
0.19803820714730866
-0.48739242914502756
0.5941934741642194
-0.2982907970024737
-0.0866250111933099
-0.31934802175061816
0.6781660132539353
-0.38748663439270864
-0.22275991612013823
-0.9178093222636379
0.43603499553523173
-0.07358359464405613
0.7433311706406495
0.7131975686340427
-0.6480948430121717
-0.704419258782153
-0.037959230189140894
0.9267039540012723
0.4480455451348988
0.28900941424426524
-1.000000000000000
0.11968489549320896
-0.5534074073144766
-0.05045318676613572
0.45856946650472724
-0.6784234103731673
-0.356352469737808
0.16598126447222433
0.24712490007104668
0.8497815521333726
0.37243479729350987
-0.6469672187596833
0.14137196765017318
-0.3089330256779
0.0809611636408995
-0.057413932074667884
0.4539258006291811
0.5201396795624714
0.5075273527947674
0.3534079429493338
0.6811054009257785
0.7453118746038054
-0.6836464237798399
0.5807346417101191
0.45188191002287525
0.27685715194816607
0.2921989583913896
0.6544394306827701
-0.10302470240056603
-0.21894386977963315
0.8330525705578056
0.12655508121665415
0.4177089685143392
-0.8556033666325251
0.761169917814452
0.7552399378043313
0.8227184134529946
0.22026150213222273
0.08488332553853006
-0.3916447938027769
0.7152696207648847
-0.32384518153934033
0.19930717806719964
0.5625198335507761
0.6072727850594068
-0.6974843358083893
0.6994254751949225
-0.39867279342606604
-0.5793305232922724
-0.09430476116187753
-0.12813369702770078
-0.07856240549953661
0.012618517352066622
0.7041922371674019
-0.06636955289125955
0.311709251823739
-0.16324779558085756
0.838637950029851
0.049944097645277366
0.20850400615067846
-0.5452419154057451
-0.8222392468787644
-0.27298022892125023
-0.41185721744805404
0.25782820219070085
-0.649208446137582
0.5683170015747635
-0.3312004642045739
1.000000000000000
0.14480978619209248
0.46350498159970616
-0.3888771466482902
0.09215243331808565
-0.6342421562712904
0.7122673695067994
-0.91133825811312
0.7678950558053691
0.7699393591860582
-0.7043799299996534
-0.14122661462477898
0.478116960091068
0.20183991930293002
-0.14757246646745426
-0.68739146523005
-0.7571281915070176
0.5671042053263816
-0.5273933892834388
0.07143210936273517
1.000000000000000
0.6378970169530939
0.2438788828519875
-0.9980676010967184
0.5964684860895952
0.6878462701116995
0.2738367014319234
1.000000000000000
0.7892570960339699
-0.39381613726205433
-0.6037026018375007
0.8020336507657051
0.42265808203702193
-0.7069963544904705
-0.09353548189148889
-1.000000000000000
0.510837997453176
-0.7565474318256568
-0.3780640011724603
-0.6984229351564734
-0.16380219059120527
0.2673117777943693
0.1317985868404405
0.47430440738421553
-0.6733375774017866
0.3704536634767862
-0.18280181145733704
0.30610528867948267
0.5851945339853871
-0.5553546704323237
0.7346389495885921
0.6767994762055868
0.657063477714852
-0.767896741744688
0.08965982381965149
-0.03602607553225645
0.2525923383287966
-0.8441179611765028
0.5632200924510624
-0.4345296977790437
-0.013116387737903551
0.7203248859377872
-0.6299622231789416
-0.18347773390436237
-0.11520432962702554
0.23029100973080924
-0.26317751373686793
-0.7704952780634711
0.11818963739212485
0.614336454988292
-0.8292496443403067
0.30139553875268343
-0.26955870007498833
-0.0978734954769339
0.401718227799339
0.7185746021381024
0.12636283628358486
0.10914734234888654
-0.31768404834204633
-0.07779423948053385
0.32064786277363677
0.6565172959186567
0.5995598276178405
0.7232491875652887
-0.488564135074086
-0.47609117118875355
-0.20784804772379528
0.04288932275259872
-0.7596671661449325
0.10702473972480431
-0.6020683164507403
0.6465458841244308
-0.6038967959279893
1.000000000000000
0.7693691229408596
-0.2912478330095259
-0.12129591016567848
0.7350952228727314
0.4636339301321514
0.5710648010339716
-0.6986821744329883
0.7008216585883039
-0.07128041570166789
0.6680302609305623
0.7432921452318552
-0.4462942778018138
0.04117131361422177
0.7349610696627603
0.7834565031250669
-0.4651723170069262
-0.26055143180243107
-0.7196992281812727
0.519409860644384
-0.5586529084719363
0.114787057515992
0.7641161328547547
-0.7308474854954746
-0.5472472173633294
0.48193701479762163
-0.6479990280655001
-0.7689691665001686
-0.0793939554301573
-0.3764655396986396
0.6573480911566782
0.2636175762488276
1.000000000000000
-0.0009799621532285765
0.5699862105774853
-0.03640564509338548
-0.6184025662683454
-0.3848399860479435
0.09458184074231916
0.033159414083653166
-0.1308771451568379
0.740547506701701
0.2171802849458841
0.2210901399609016
-0.14422955235612772
0.7527765840877392
-0.5739954277301571
0.7460582568547318
-0.5251063811025929
-0.11420903166604321
0.7342458256309574
0.15455971519607167
-0.4743502727198512
0.14373733243449402
-1.000000000000000
0.16474453027255032
0.6874755581817492
-0.3073193300266367
-0.7970267866446382
0.9328486419181288
-0.5216393112299554
-0.6740151810051545
0.4561977291555413
-0.07257934168927488
-0.671724493861704
-0.8753466807421307
-0.26610709049687803
0.5715414981023291
-0.603904215221413
-0.3754300360258469
-0.11268772115936689
0.5783263876769659
-0.14590267686555725
-0.5878831086315971
0.7297763600900389
-0.8631663884645973
-0.35564564004521826
-0.7661012814271292
0.744415690327021
-0.720613640811882
1.000000000000000
-0.6747370914196111
0.1973902826000958
