-0.2965592964076386
-0.18309249086420734
-0.2748894711722696
-0.021783642985681327
0.4295113886567755
-0.2933425947617786
-0.7399281437979786
-0.17989363484621834
-0.6882739775273041
0.3662430779586944
-0.13339641691614448
0.23103642500991736
-0.17770780617653817
-0.06164080720102215
0.6090746403202427
-0.49551656652338244
0.3284014614582656
0.20872204088900104
-0.21345402304554062
-0.7608349605310405
-0.2578273998061682
0.33296280305567993
0.01961190801177025
0.08955163573149855
-0.6828319944429905
0.4030862713803899
-1.000000000000000
-0.5174152045415933
-0.1785710011567313
0.3233268704477448
-0.47479039482417607
0.38934099507597764
0.0616752313891048
-0.0710951161927013
-0.7669251576867299
0.34671362029124847
0.27983265382134204
-0.23077548251567048
0.594497259150873
-0.2324058883168187
-0.12772201538226466
-0.2979759579765833
-0.3109644423132521
0.4603296491359223
0.3340241977533063
-0.7952608097121543
-0.2785024559342241
-0.1697461848494046
0.06719216096246913
-0.5456352658053578
-0.0009543320679652328
-0.28505864880467824
0.6055699183053619
0.24015683820686104
0.24434643207630471
0.8767924406884987
-0.31816373718423413
0.8888105767370225
0.38498399018691004
0.6027187819759213
-0.9020635724824453
0.7030524172845223
-1.000000000000000
-0.22640654986980357
0.12472258570857078
-0.004126504000909081
-0.5762365162753623
-0.038323635150687915
0.1845921161120187
0.4646300398604885
0.4541439865980046
-0.31431656347837933
-0.6713722852222543
-0.33744790770097927
-0.49452704258778024
0.002636487809311642
0.4874427835348888
0.37863248845006114
-0.3787811756966681
-0.11106563633289733
0.18640127078820085
0.43215052889654587
-0.8374866868385986
0.2697976092105269
-0.20264960552390435
-0.30290742304560747
-0.2850072264524643
0.0660189043125482
-0.17855154822055283
-0.011823087069802783
-0.6313992214285253
-0.10775180562865161
-0.8301158131465805
-0.19199659872225772
-0.9893751742166881
-0.21955420083302826
0.5541758515944812
-0.16202269888259152
0.8004027033255401
-0.15956072113374153
0.1047964686750831
-0.04188033490973342
0.17428737916637538
0.010794783968831684
0.8453983948366474
-0.42082984471179274
0.5274511975359768
-0.10969752791976432
0.09488752868748118
0.15305505238440706
0.2318123267145006
-0.09541195915465135
0.5817677524699905
0.49854765587414196
-0.597248502992064
-0.8385127584130269
0.29257851167669763
0.3605240109045418
-0.3269230183785942
0.5374242203556441
0.018624058733713346
0.022025910243022265
0.8678056979849443
0.5127843525050066
0.5890734548053921
0.31856605515511716
-0.737389064713929
-0.10824307272420362
0.29821714204777905
0.8043472276804899
-0.3662050944070487
0.4881750274406058
0.4402537659876308
0.47871081471005505
0.09411351420038336
-0.6000988118751126
0.30417235628566797
0.5016119755232717
-0.5586117243455011
0.518939022043425
-0.29315100285032564
-0.3197935432457908
0.06287029592327245
0.22726738765239138
-0.06846793679953594
-0.1464315925612989
-0.1113367394313538
-0.12557180234800333
-0.1047969457250844
-0.18890246424537024
0.23774838113656482
0.041362970595324906
-0.800264458411553
0.43043309147235354
0.3581953759848044
-0.41817119083407583
0.35476120573349007
-0.29372150081449977
-0.4344566491234095
-0.2537217349397864
0.3205290404836856
0.9125287848421845
0.04340064701176675
0.025083264629006674
-0.9774206879403504
0.32721978832289267
0.12127985229998578
0.6703861621365428
0.2998129526942494
0.07902102496762978
-0.16514907256905492
0.1733328458318042
0.3927238350830179
-0.02973965729603097
-0.45509733208545805
-1.000000000000000
-0.06062163015323237
0.013443364902888581
0.529546116926742
-0.5869973988930408
0.6264818864854415
0.6632190921835954
-0.43300607108605793
0.7972622770352906
-0.6975805445211991
-0.4741653112512003
-0.19954273286547328
-0.09576207961166926
-0.2910231210606105
0.6612881466143941
-0.19402397350701694
0.7897117665168164
-0.03263210190522639
-0.013819679963862325
-0.7104035487425101
-0.4051035699569104
0.7478434673141443
-0.06510363619642999
-0.3258543254381414
-0.1895076346064563
0.30920379687888194
-0.018466196152962758
0.2995210889937395
0.06975073539502014
-0.21351410241040902
0.3704140960197972
-0.6693508869875167
-0.26863488577797046
0.16716127174607714
-0.2926592832290112
-0.5529754477927478
0.2667792752055934
0.3443934735564267
0.016667545101962097
0.34879752357227783
-0.165023957386442
-0.37317654782976684
-0.48216459393362077
-0.2697274536155416
0.29801807171624517
-0.6057374222325265
0.07284664703056036
-0.5218062821900299
0.07190193121703772
-0.20841055552696652
0.0919961480344364
-0.10316017949215842
0.6333114679846611
-0.37219336695490757
-0.9603052242908643
-0.09281030382935465
-0.8322667149953793
-0.13573262782125617
0.9764646894461297
-0.05106172715928473
-0.37368384853416037
0.3010327875011496
0.5734435438435749
0.39975194707744777
-0.36022717323591474
-0.025788646917301615
0.8197591819012691
-0.9792750527170291
-0.9856314832453513
0.6081968745715871
-0.47232725177525264
0.19806570831552794
-0.3506030184532213
0.43521345365321623
-0.3174807292081443
0.5082309781594344
-0.1757348335466794
0.20344191936077854
0.47081172463309384
0.14605367814257247
0.3541696892197298
0.5434954203350684
0.08165576420265955
1.000000000000000
0.26628127216600755
0.6009076389105802
-0.41160380152461445
0.5669331976210337
0.16179599105191006
0.9134177853459827
