0.9585416177503262
-0.910432185696272
-0.01951134899351302
-0.22217014660002288
-0.8766886908922702
-0.5687838992395589
0.11330322076362359
0.20041665803023734
0.033357044128787774
-0.3191031063646947
0.9761110788848362
0.07585267879645241
-0.3427080945730236
-0.1746901530657644
-0.19481979891832685
0.5309535396474208
0.7563738016970443
-0.38945773929665367
0.021338271784493195
0.9716489510483254
-0.3308209287320851
0.2718716360814485
0.2342840606630287
-0.561347560876992
-0.4843556523180659
-0.11612676948691819
-0.049565586265957556
-0.6076510144374269
-0.22988298256708453
-1.000000000000000
-0.5578308104674702
-0.8488866276085131
0.993722659664113
0.6062007469667031
0.024275535477459448
0.0643042276458386
-0.21300961097190196
0.5558714209004912
0.9920082418159349
0.5210380694886281
-0.7361428708732007
-0.4269609547702445
-0.41149489411593193
-0.31502403949781016
0.18558991080065068
-0.028800448102069685
-0.05234011879448937
0.3430278559329514
0.5713249844816328
0.3828394528407884
0.12110134399536426
-0.7081182596954733
0.4692290362304713
0.5090340220576466
0.4693160432418253
0.44880915227851476
0.2516199755362757
-0.3236806375197139
-0.5131601416627445
-0.6592020540625323
-0.30564724542295507
0.9252503712228467
0.0348520644329825
0.2155529673498794
0.27107896886393745
0.6224894991231624
-0.2327179367572979
-0.44892638381874034
-0.30215523831062524
-0.08079077540005042
0.37960944714533873
0.24613153767834692
0.5941474034982377
0.5172319715955339
0.5404822672793048
0.42852587414865984
-0.21296160420214935
0.29936833917143135
0.10965159982763968
-0.3346443971506293
0.027225920706012593
0.05088482568147402
0.5028494017230608
-0.23272779127885146
0.8850123980390531
-0.08202939693743391
-0.04298661805116606
-0.5676927130418816
0.13736562916105602
-0.2610740994033628
0.14933056031650715
-0.40684726143837
-0.2564140210607387
-0.2593451880903442
-0.11937284584381101
0.2539576587625035
0.19041232644565315
-0.6092755162455608
0.06206366103532242
-0.16891817478324025
0.4396348075502765
-0.07919770784239435
0.05900358771784202
0.2331890092073348
-0.0373127885983007
-0.20536555145666952
-0.4960612184710972
0.3391425564359206
-0.19956929122164074
0.2478003910585348
-0.053200528162562044
-0.16712944600290977
-0.32994983945264905
0.3292449767751963
0.864873915651811
0.842741889390082
0.26940886448400236
0.1713931619483202
0.2747622507136527
-0.721061350098688
0.8553133668846474
0.37476796780683763
0.27808854400521177
-0.04759959150712735
-0.33235065486970433
0.5376617443051659
-0.13089234152387122
-0.8467869066069327
0.18938903891203626
0.3142708718349332
-0.030432848224763817
0.2882405384425511
0.08067282823313049
-0.6399091056303611
-0.15356481832458696
-0.4446592030107022
-0.32659746494783404
-0.5774075720208314
-0.5648298343064388
0.25517595363339585
0.4594422942853525
0.4469281380771287
-0.5398298965860179
0.5411026585954407
-0.0779173724581342
-0.38737505311785103
-0.2623646599181891
0.4517638175643402
0.5316018322921665
-0.0687814098557018
-0.08343556760373948
0.4741933567322338
0.6856965780202384
0.8433040303706523
-0.07457816086732764
0.3491363775955552
0.0873739013358594
-0.008601109278491247
-0.40234215722496836
0.5023891549132317
0.6907873940440058
0.2008854648805001
0.35803913936083387
-0.32723715597349
0.481067517839104
0.7407303865699508
0.021354318060712738
0.4557221409326388
-0.14142449339720453
-0.18057203468733163
-0.34149657428138863
0.1793878807986305
-0.11010224074504454
-0.332874984266423
0.43316102656378064
0.38085307369322186
-0.009773746356069132
-0.3169485867677872
-0.15744101219409434
-0.6461169440631088
0.30277922165697946
0.03417447258202291
-0.5792901947728593
0.6413651494130521
-0.2717898187544201
0.7398578572716454
-0.7448820543347268
-0.005904053843664124
0.29304799626765476
-0.505321108177067
0.10955758242651198
-0.026491852247488554
-0.394412042882612
0.04302724212269232
-0.2615755256473003
-0.3170845374388074
-0.021289588917427715
0.42714781704490845
0.24913971640502336
-0.09534787635693848
-0.11917809368785168
-0.11958528696106208
-0.25477861312545896
-0.4181495102117382
-0.509728995192057
0.38696386285627427
0.43266336082616375
-0.688003920021335
-0.5222113575810434
-0.5317530940194374
-0.39268211318734064
0.3228653763585349
-0.2713882835597745
0.485429039608114
0.11390744822086346
-0.33004301993440643
0.06143037790439505
-0.5549807552109318
-0.7422074454729951
-0.6686542093179223
-0.37771244848163704
-0.14371899222367224
-0.2600211444635293
-0.34773091191320177
0.6466991188565736
-0.4357720308858417
0.8169466422758502
-0.9692797527502186
0.4651063718746382
-0.35407768900971837
0.1567278999628914
-0.2508171680132757
0.27490713318670257
-0.08026125722080707
-0.6088048482425208
0.7427746467071444
0.1409443043289788
0.03814347874423028
0.21558483169905968
-0.3679129930651137
0.21926474718889433
0.2628370933787726
0.33555308354656704
0.8262079116537715
-0.6389981557918338
0.6230502647450823
-0.8850767056540908
-0.26873178421070454
-0.259881056947995
-0.7872605591397437
0.42593628515522897
-1.000000000000000
0.6803842687874193
-0.36628478737010556
-0.29645734377980193
-0.26466302282391324
-0.7227080973914515
0.11028229520319854
-0.008745506826695275
-0.029648491627327467
-0.13847658755520081
-0.9025089779276569
-0.17671104230474474
0.6148308491683613
-0.3843186432172928
