-0.6689240783057915
0.46659349268017963
0.289686019593713
-0.3774820417398181
0.526065735587803
0.21293261220520432
-0.5959384170532777
0.5078491376398829
0.2714162797104966
-0.01194759905627089
-0.25006903021431015
-0.3434526150639695
0.24335138486879881
-0.2549968974303354
-0.5281404088485281
-0.947270798720536
-0.11745218868568605
0.6537684139744788
-0.09575069611315465
-0.2530718981065921
-0.6871923376189826
-0.18172101398131646
-0.08325892389235218
0.23167914914693377
-0.3264795166433439
0.5608016311975739
-0.6276795242459738
-0.2346303834646016
-1.000000000000000
0.11471643748766082
0.591044529925851
-0.42431109363353825
0.34292554586080676
-0.001239169537353979
0.2593948843197693
0.2249903162938149
-0.5721584205206465
-0.43512451401567465
0.4651221725407396
-0.239816974123228
-0.5048828681190948
-0.2095088390642411
-0.5272301039726912
-0.41364689953625605
-0.13447285505087736
0.09963700781940578
0.9000678552201862
0.2151465357340603
-0.4484079201232607
0.57120621630795
-0.591705608689815
-0.34429401889036676
-0.3281766916235291
-0.5826959507806343
-0.47990255257145403
-0.032001417912079506
-0.07323862723121362
0.015485230955730907
-0.4922568798466775
-0.6679681537983284
0.3706842008481079
-0.5444682277101416
1.000000000000000
-0.11754290561644878
-0.19961179382762878
-0.16100484501309686
0.42104601354447496
-0.007568070777412589
0.4892115722007875
0.10076647848245422
0.028662321908213356
-1.000000000000000
-0.2134033635396598
0.5417097535179679
0.8044224635991287
0.19670190999600748
0.44413303155951656
-0.29149262056638164
-0.3956762696285808
-0.07428840707024181
0.08403673727013604
0.7609999196540409
0.08169614491219887
0.29904505596796294
0.5213551989519271
-0.6944402833854986
0.10418757653352707
-0.2036275301227922
-0.3709076961952398
0.29805585675636115
0.24025654133380184
0.35662724938432716
0.3170094516259167
-0.46296396845015797
0.12245370201770389
0.20124084198506564
-0.13175940220731294
0.5259826585615662
-0.5090307279169317
0.11508655166011506
0.5234458210250748
0.3392226189058201
-0.18661994524334563
0.33583475749167924
0.8529356953547773
0.15719854785313578
0.4716167995387641
-0.15667360647006234
-0.6658552994233131
0.4086360406897807
0.36281653149375886
0.6420009813884072
-0.34455480647155734
0.04843436691975065
-0.7235301018537231
-0.05156054909766173
0.5215557510322815
0.1348423760201628
0.5572063618992779
0.12504460542723728
0.5755445771882159
0.7182431136973616
-0.7290045859175764
0.44070241680821365
0.6997799320931896
0.4282909317204411
0.15614897182001186
-0.5288356182453159
0.6428783115380996
-0.28261985293142483
-0.7298917066328762
0.4312470413315968
0.17246590070908085
-0.19662120500667232
-0.10672925077568465
0.12764949946795612
-0.2557879061813447
0.4237565055768764
-0.21593353438408724
0.27505455096577625
-0.2783322694381788
-0.34521766107346874
0.22910387322582917
0.5260330077099108
0.4079803066978056
0.473980866659498
-0.17204258466092753
0.03994815042827173
-0.18911266330907753
-1.000000000000000
0.5685493981003319
-0.6612604486888457
0.29251229443197013
0.0002055559334589903
-0.226818258988485
0.497766878925213
0.4311942557751929
0.09615005462442452
-0.20243922551481308
0.09941658417280849
-0.42941336762221555
-0.007479995250218176
-0.3008734926278938
-0.14081857281538523
0.46695965840107345
-0.4889949648859464
-0.48857978968808785
0.3002814545489148
-0.127658339971557
-0.2785454741234698
0.08905456402121013
1.000000000000000
-0.18018197185357956
0.33330165770785175
0.47001780247799163
-0.3973018011843771
0.8973270221031152
0.5684273242347667
0.6289811757114867
-0.004326362063416682
-0.6646093496141553
-0.22775800799191503
0.3410428789078398
0.47716309641789806
-0.335930430884931
-0.33815800591596923
0.05725394523967853
0.1359781091235403
0.2112561956390087
0.02474563396519809
0.48409098588453464
0.05151407337146853
-0.2532559481416168
0.6273910062296465
0.4686835690791962
-0.6955547291318327
-0.4463234071310167
-0.10434619377162208
-0.557178731877266
-0.6177981920630109
0.18045262179861665
0.03799689982207001
-0.5411113794937578
0.8145912015497919
1.000000000000000
0.6153734648829199
1.000000000000000
-0.17688919276082476
0.23971791781604274
-0.14540529555136478
0.42928468522989927
-0.03677763181934479
0.5369437191763887
0.7544226630565614
0.12094936910682083
-0.30478055877205745
-0.4287518833612114
-0.5193503962897165
-0.44078840501116207
0.5455300332890292
-0.6571222758226005
0.6326970329515528
0.4118356073905284
-0.02380148806103153
0.669104336433761
0.5714181362641988
-0.24690876780824536
0.35652814620290796
-1.000000000000000
-0.3089134258628282
0.05226620011999836
0.2728945463449363
-1.000000000000000
0.5548688400317991
-0.34031646344161565
-0.2404101420365588
-0.4709617652446118
-0.7701904901608845
-0.13732328128328386
-0.35152984865273745
0.29651958205824763
0.6143235829148737
-0.5925578379034486
0.4714637842186491
0.5301024351585416
-0.4556842185680118
-0.7718134618044807
-0.43504940186793695
-0.22033979591159442
-0.2581930764926436
0.38745933127966287
-0.5214334642494459
0.5584479944007403
0.2748485489371908
0.12363223319450978
-0.2615508681898909
0.009804220646848258
-0.2937452163686534
-0.4596701781806446
-0.6466816513812829
-0.5861208291213155
-0.3129316188388226
0.649797369450439
0.28062180022135685
-0.5841719239675116
