0.7656174020627314
0.052305289578170155
0.5049939780766612
-0.6743726503632994
-0.3163576895470235
0.11846150463790121
0.31971870980646777
0.3920767123879292
-0.6478634315339767
-0.16608565563790867
0.9142856238817708
0.1270114377734579
0.952817849959649
0.547895041925231
-1.000000000000000
0.03694169520400645
-0.4349428837001995
0.302755076821304
0.8115049509135139
0.2641413781447637
-0.2703044011734128
-0.4763845622737899
0.574357311570425
-0.024985436093308944
0.3651347487339275
0.36711656024332895
0.3067047165214454
-0.22580863551881036
-0.3863273378910557
0.21703849760728802
0.15450556928990106
0.3835448744094185
-0.1878666787679558
0.5202934660376021
-0.010380151954180471
-0.11493965705011853
-0.49287489139781293
-0.27347846023189176
-0.1015359718271075
0.10170474384710154
-0.36554537658718667
-0.9309341063563648
-0.6040577858450644
-0.22356553021453948
0.19804245945315793
-0.28224897629667406
0.7002727344429356
-0.26642001393550285
0.3612762178841873
0.41443415374981896
-0.04087863054860512
-0.40089176015197053
-0.07340317366492927
-0.14703473488249863
-0.17691913996700112
-0.27759665025209146
0.8688921712472446
0.37354395752702063
0.8634970308866979
-0.5070183436198781
0.33538809345651455
0.31712678756996143
0.4732457722545408
-0.3701565163346491
0.04243811146644687
-0.03718633172426675
-0.24186795836457473
-0.5756567380293336
0.5346349838493485
0.002993432574291882
0.7932171747088591
0.41470247461802345
-0.1803133406704748
-0.059938613631799365
0.2184908967125514
-0.7276527875726769
-0.7667718127921742
-0.9416021819984646
0.27463535595562494
0.07766120153237714
-0.8566791863911469
0.4991504081171067
0.2615909568103306
-0.24752030810116904
-0.2677242101848566
0.7728723869635237
-0.20012732848976433
-0.9319316721099313
0.1038370455504544
-0.16217174956837843
0.0051400928044211674
-0.8217072829692611
0.22021135023281918
-0.35492587920278995
-0.3955720688069908
0.325419016497538
-0.6936720211471173
0.5838984412684253
-0.15263640553668542
0.11682587437827491
-0.16418182417246735
0.32031611855876774
-0.027177938823961745
0.18995920480519615
-0.6963410499449733
-0.0483042564190479
0.9495418208138822
0.16680961825963736
-0.5660918751636205
-0.3972679203764159
0.13235037802056054
0.2258518101448213
0.6625848025784695
0.44819567481566214
0.18074165880734047
0.6586090580605818
-0.41184097307839196
-0.7196054983381437
0.47259903535768005
0.25713861459407267
-0.20572620624178334
1.000000000000000
0.4702425328022892
-0.8456123152501398
-0.08925722862609017
-0.007133814360437987
-0.3824371863537639
-0.36966824826329925
-0.6463322418195107
0.11607892183451218
-0.9338205558971904
-0.4235578949334421
0.4428538754993854
0.19273650230234385
0.7962949558735015
-0.40015919375234
-0.1357278826313658
0.2565344536644183
0.724046937581857
0.19276713178830057
0.4041733866001582
0.013499502744683672
-0.006473674514700337
0.5684238215565318
0.5972035294943777
-0.13725927303021607
-0.2321766185395723
1.000000000000000
-0.6382259832330395
0.5786035229144841
-0.6221655673767288
-0.5092186682906458
-0.29263492113190576
-0.12071520383639928
0.47869663251777844
-0.012038813090048353
-0.20276624207855531
-0.44300732812609983
0.3229602318591123
0.2595132397223463
0.46603294553238606
0.20059610309260986
-0.010356452272007807
-0.190682117779237
-0.601351947017148
0.17278629504407206
-0.30095338638170654
-0.3559500047807289
0.5223537383224128
0.381675449254955
-0.46922347351030924
-1.000000000000000
0.3382646193022416
-0.7696219155282126
0.13125247266320197
0.6663712071947684
-0.0546551849781909
0.12605756814478147
-0.08025883425485583
0.44240531706980446
0.6380078760751724
-0.3255390824599619
-0.15701139432192704
-0.46757221591898196
0.44281669996740225
-0.5266143981155497
0.3066338277244181
0.26476042524544535
0.28078436682458463
0.14477311304871554
0.13778201737161858
-0.3236099225903369
-0.09080088972414696
-0.6531406487849379
-0.32037923742135627
0.178425244425649
0.008668918471829157
0.5354544275995776
0.423167198451297
0.047064024066655726
-0.24516369018970283
-0.8700213068366175
0.11589427240570584
-0.22428134427073967
-0.022756679340351353
-0.21985299605248154
0.2879475008841577
-0.2789241222201256
0.03371523870679357
0.14577053631221143
0.12971080139433377
-0.9808600550264124
0.14813543918350236
-0.18405128125971898
-0.14979161998330828
-0.22864918857479935
0.1348205727117926
-0.38900704266910635
0.1886384408125357
0.47278974569577403
-0.3784803505994652
-0.3580656939968382
-0.11099913871935468
0.44254925445193505
-1.000000000000000
0.03576604638185893
0.1324733101627733
-0.011192405478660405
0.0757322481988833
0.06277178178650841
-0.31538506458142235
0.1312648011996759
0.7526667624256517
0.005899646659428215
0.05030573803958063
-0.20033765478016033
-0.057017007508905336
-0.16367906025478424
0.5270209716739798
-0.04736392861086147
-0.29532650324159165
-0.02323180481913454
-0.8053746112225546
0.5008689460733083
0.18428004971747347
-0.8064483712811364
0.2793028859151321
0.2796886591571308
0.8922938545765532
-0.005995601619818346
0.38463278485230545
0.19065447339378244
0.6098177281061368
-0.3638843290884215
0.24375672739912244
-0.19523241151283183
0.046275807037372024
-0.3397629767186342
0.6553448510440313
0.08173857473132179
-0.13976958415743052
-0.24549094224630574
-0.46479504713717823
-0.20167806244261907
-0.37124202227581116
