-0.2914186844692658
0.6482960565354146
-0.33405479628288337
0.2822638771994612
0.46930061893876895
-0.4307250182407234
0.574237388194544
0.34114503381169325
-0.7589347785428018
-0.05292184809985811
0.36363494391599166
-0.8382859800913964
1.00000000000000
-0.0774788221940822
-0.4013198922326806
0.4404873045733825
-0.545907767372636
0.1877057448888294
0.014906286605399333
-1.00000000000000
-0.5791677692260376
-0.7566649795396656
0.4062652106289598
0.9856717730048554
0.43051223497242375
-0.1702508350234809
-0.05787076027723931
-0.15179765758670538
-0.2943883558313586
-0.3019688976417399
-0.2846652585758799
0.9109888706367523
-0.2571952939437365
0.9959316070286721
-0.8279628570029879
0.6590114380906149
-0.4193354852773821
-0.12098853545790755
0.5570878324447925
-0.0997346730144027
-0.06849981520129596
0.5762263144994958
-0.3771607285838694
0.9097125032156964
-0.29047189677634444
-0.3603866102689841
-0.39169312671152295
-0.5975764942195424
-0.4350320517169814
0.8843288410417116
0.9852472181379466
-0.5542469189155608
-0.864602312482472
-0.11251793535005486
0.39955071957966454
0.3421945736252576
0.4950020875992285
0.22974691416994375
-0.7478686337524078
-0.19673076150903
0.43985017641789204
-0.12974161187282124
0.290439104882317
0.19606489355143708
-0.6946934879617634
0.5075536844625415
-0.5187624179164405
-0.49136373175091413
0.5400544508479648
-0.8657271220689379
-0.055657957291250615
0.4157890164239852
-0.7670938100130039
0.8742512875699802
0.3350765165846533
0.2906338899623958
0.2939852194276905
-0.5557612353837521
0.9191905721081136
0.6758842906739864
-0.4139734590489488
-0.5891434235149836
0.7389022011110192
0.9354863284771494
0.9730486639330997
0.4858742030072891
-0.2744691922744894
-0.019075311924138687
-0.17557578260447224
-0.5364185020987124
0.22047516651339355
0.5628628500353496
-0.5681230583782483
0.04763212130096421
0.6918254129714487
-0.969139749790915
-0.6235763339154775
-0.5943292321850266
0.6580508390324954
-0.024849896048734478
0.1298721345993319
-0.5242189288828374
0.09740965115481946
-0.7735724658661346
0.2109025538274996
0.9655322200122123
0.6547214698247705
0.2598010439100563
-0.7123290715215548
-0.14340209132600662
0.6082668387963148
0.3788536681765783
-1.00000000000000
0.8779124839326258
0.9136866369934015
0.18829483572400948
-0.507384214464899
0.9739574197073252
0.25240916753370995
0.6723922903099394
0.043684224792798605
-0.6911666421529441
-0.3748626380689969
-0.6609602880064395
0.8281659988841417
0.8267768424999432
-0.728622238740341
-0.48386983045098586
0.785257778460894
-0.3802177883998243
-0.2396058307843613
0.5710779668070669
0.9308825529423754
-0.9905518735874173
-0.6507191953281966
-0.2645404435209909
-0.37128363047706436
0.4314043200288502
-0.8213623155807368
0.21836193368888754
-0.058283669124142734
0.6849806008297923
0.3309524558935231
-0.3342040931255725
-0.4415100589472227
-0.5469072776785668
-0.7385989689373879
-0.37489478415210487
-0.24563270895144446
0.5370477362458728
0.9744116307034792
0.32744978354002285
0.982281586681708
0.3120602572679729
-0.8316469434548281
-0.39256583103307324
0.378184656585085
-0.845227818117743
0.035654032768021024
0.10286568264256667
0.06020646469503198
-0.4839066774071489
-0.278750890388758
-0.7760446768048195
-0.6234963840180897
-0.6745376671721441
0.12361841342899722
-0.777743605840597
-0.35747897845259563
0.3324410832028529
0.7438170896656269
0.3648420815016119
-0.6481258257820804
1.00000000000000
-0.165832411872439
0.022650635179525674
0.7892237538623682
-0.9416492920978281
-0.00753808133619964
-0.9234111657020937
-0.31887011398986526
-0.8674936484191775
0.06897769027186249
0.8441745443220781
-0.40418273787024295
0.05928244248011809
-0.022243720364839015
0.24188880206698204
0.11657806191882815
0.5995081639152019
-0.704667576396163
-0.4959707792189292
0.32592794612122294
1.000000000000000
0.9072834399340437
-0.0614780301095878
-0.037176278563003366
-0.2943790318183672
0.17615327195142805
-0.0160374604470412
0.13310025635280365
0.09079455893740057
-0.16078581514975188
0.5436299418312046
0.3589723852216389
-0.9845426061520768
0.08717612002128075
0.21685123602408368
-0.7530193843673214
0.07636711052384357
0.1488200855179092
0.35756066929420194
-0.211017784277529
0.6246262369967427
-0.9009429339571886
-0.568161246318604
0.1881272730773053
-0.5451107216216252
0.38105875118396904
0.6329526251277564
-0.018368807989507907
0.5248525614164447
-0.5797110122799188
0.5109919595453245
-0.8611278604885323
-0.12759968803497126
0.3426842399433417
0.6090798759083615
-0.6316668322146455
-0.2758634745578125
-0.39719345869607525
0.10228171688227733
-0.39528679105256914
-0.14575366683092283
-0.46951129393212443
0.06288188684019597
0.33247174656478995
0.3204892070575844
-0.7160736145537739
-0.23880381875880308
-0.2441909956091438
-0.8280450128697187
-0.37538175644662203
0.12612958115075235
0.4990637392216373
0.9569939045362869
0.47805411419786487
-0.08902926050565638
0.9679261691435918
-0.45824535527204613
0.7881488770538772
-1.000000000000000
-0.9996336431201224
1.000000000000000
-0.19908552701590476
0.01657271340333119
0.18792199331171733
-0.1962457792491636
-0.1648975749470904
-0.9381813805811533
-0.4409667891592728
-0.14202973140451575
-0.43146692366054346
-0.9732393449421151
-0.8843484680124706
