-0.5414440903899213
-1.000000000000000
0.0604796381663128
-0.12384157181318667
-0.769370027565571
-0.02211027522485301
0.043339621021140945
-0.2693828246716941
0.5210079634391345
0.7760443447979222
0.5234746066090274
0.11282212887802091
-0.0849764864755754
-0.2544574099762991
0.6779082343806957
-0.3820152976477357
0.38380235451008937
-0.2120419584042267
0.8032545459570101
-0.26735052833203127
-0.2834356122757285
-0.8270309957944258
0.2870207547837357
-0.37556050109316863
0.17384625228709916
0.5593753626092308
0.25333019640316395
-0.06932823629182537
0.39538779951816966
-0.7550574170894715
0.29071750008097663
-0.15431488652192954
-0.747572281176219
-0.3224353689297928
-0.01910141966554431
-0.34080699351026
0.08856098717911087
-0.5024128941681909
-0.2880839047900998
-0.2221342603574876
-0.040438542690383356
-0.3365707079435451
0.5292988651634019
0.08566815091448543
0.16148496949896482
0.08407049403760221
-0.2522771927227119
0.17392751290930436
0.8468803367309221
-0.4286098666525362
0.06917468790504638
-0.29716815517402173
-0.6701338178418584
0.14634932603400924
-0.009258110937656772
-0.3305152037510146
0.863594564069042
-0.2856747954212718
-0.27812155318261544
-0.5223690771944849
0.6442434637317268
-1.000000000000000
-0.7604978547235246
-0.35226022888448444
0.07641235898452602
-0.26090547071185544
0.1543306133691728
-0.22250873878714847
-0.38072593864092935
-0.358971279488999
-0.24229857377694045
-0.2587463248753121
-0.5945660032595674
-0.9953677376809029
0.589948141861241
-0.31890604216815877
-0.08470120308403026
-0.22023677046965404
-0.2529676438864929
-0.16938441905735033
0.24310332001029222
0.8066657668845301
0.038767843025979826
-0.8441405757968615
-0.5231283128964336
-0.030495855105531516
-0.45965088309198765
0.10043899981710086
0.46732985830503415
-0.38261782475591866
-0.27650070061137966
0.2981530162691717
0.03667614611868633
-0.2559662864454887
-0.5504606890445317
-0.38982062763656666
0.975013472769355
-1.000000000000000
0.7851573937907574
-0.17432979626642064
0.23936886226335435
-0.012454108080067
-0.3354379057060103
-0.32215627913021555
0.2705116856332792
-0.15612420528196083
0.6874165459259183
0.28089674356467154
-0.31115908762421973
0.6062937058874305
-0.9592681382923937
0.11474955217220244
0.3393681780697692
0.5140159472760015
-0.09221106305824855
-0.03993637891923235
-0.05503987777907601
0.5732690775414988
0.21962207461525002
-0.7382779310080383
-0.306616700345688
-0.21733038544418692
0.6428911724479004
0.5209118618336729
-0.20521878581484296
-0.14299175527617264
0.04996688718579763
-1.000000000000000
-0.2504535735478979
0.3740339791714685
-0.07431464311368917
-0.46199581267819984
0.729716261849477
0.5538805272870956
0.014650982324598716
-0.5057932047732637
0.6127376209069806
-0.10326476040351275
-0.389627378376234
-0.7059497990198994
0.012113365418943686
0.33027661983751383
0.05940972526304263
0.6386673015128947
0.035451939008394856
0.05374542676567104
0.2604351150354762
-0.24451537595315054
-0.2591243790832849
-0.16238217035930974
0.5261071773699425
0.29873224367454126
0.5395393750604603
0.5500453259384243
-0.9837401161472759
-0.35363198772780025
-0.37583101436552924
0.45137987879522445
-0.7571213205788269
0.0736321365728202
0.8474388555497936
0.4006569920904013
0.4666578516415415
-0.3676464556587747
-1.000000000000000
-0.29935432071305995
-0.11236148149909292
0.30017284878936495
0.05290233140137662
0.9682024184436975
0.4983603721250313
0.31205299157811894
-0.2739931175140638
-0.5475123762607936
0.7523461991097107
-0.4667846498339224
1.000000000000000
-1.000000000000000
0.09823541789707585
-0.05658696338133329
1.000000000000000
0.24134926217163974
0.6063392738626336
-0.02925188392128772
-0.614826088369686
0.45656406784492615
0.37998422014387245
-0.14695331524154964
-0.08994897527097306
-0.44304766529521844
-0.45757825505133165
0.25646527723221796
-0.014002413231252717
0.24202679793875026
-0.6010176602357464
0.6181793053984155
0.1836211034608065
-0.813433744568182
0.36565955990224214
-0.3223136336001618
0.5743619041700413
-0.36483878000614517
0.3839601660966564
0.06256810834709417
0.9320631797743063
-0.14747991738607286
0.025748493512351617
0.3913161245138339
-0.07090228570732704
0.6109345506500522
0.328981240642382
0.14034001579806182
0.8297081953282274
-0.015959615404563254
0.1592556624122497
-0.7599407894436628
0.05398402315000131
0.03692983534644276
1.000000000000000
0.6116917871652423
-0.06240243979456059
0.36052189087698494
-0.17909744865480598
-0.6300696915018312
-0.24743505849477115
-0.0002167715051454855
-0.4420344295288837
0.13686723910397447
-0.47627903125098636
-0.21906254174412151
0.20838892229084505
-0.28234616991816336
-0.35125917919317956
-0.49314771187420203
-0.664768673213643
0.6149711381582483
0.14133277314648024
0.42661269937254065
0.6169387728615783
0.8685907950713613
0.4799263499486029
0.04033766715727159
0.3033103145985526
-0.47219268534477676
-0.5477134749557935
-0.28862333148196934
-0.09826504255034574
-0.045801472536511095
0.03441999472331851
0.0694560694899968
0.4412073635442792
0.29165416509953374
0.27790502612689943
0.06164696511852671
0.5009782040465196
-0.08512964826080024
-0.6131386355860423
-0.58062789694865
-0.12931618560877164
0.3141645293842822
-0.6931524589106148
0.36409227405061373
-0.9285994645059465
1.000000000000000
-0.3805509991955689
