0.26502066725818474
0.4412450350799111
-0.647908894546573
0.4669887089451503
-0.07592141030447452
-0.1681515473761248
-0.8485212182484378
0.06370108213632153
-0.46317134286228123
-0.2543440847371381
0.8694576483387948
-0.3996553813841752
-0.966026511264636
-0.32882039381681283
-0.7300112651278263
0.4412450350799111
0.05407667387391779
-0.9400774236248437
0.07297669722846489
-0.4885544695729891
0.23513487338961148
0.05407667387391779
-0.3996553813841752
-0.647908894546573
0.27109413038344776
-0.9400774236248437
-0.7088350792674967
-0.9447650066055013
0.06370108213632153
0.24921761142690424
-0.2374307185463731
-0.46317134286228123
0.6646608483542131
0.4476202773866982
0.9459890132923288
-0.647908894546573
0.6646608483542131
-0.46317134286228123
-0.2543440847371381
0.9967580099077429
-0.3952799666215048
0.6646608483542131
0.4910507714802226
0.06370108213632153
0.05407667387391779
0.5301501585744461
-0.3996553813841752
0.7621628841134414
-0.794894781222965
0.6646608483542131
0.05407667387391779
-0.9400774236248437
-0.5256630378139862
-0.7588876332767929
-0.3996553813841752
-0.9105483954343145
0.040748337040361626
0.07297669722846489
0.07297669722846489
0.04609521003045147
-0.647908894546573
0.24921761142690424
-0.9400774236248437
0.06638891312692041
-0.3952799666215048
0.8694576483387948
0.05407667387391779
0.23513487338961148
0.27060208758908155
0.7621628841134414
-0.8485212182484378
-0.647908894546573
0.24921761142690424
-0.4173642452518842
0.26502066725818474
0.6646608483542131
0.4669887089451503
-0.07079178535845365
-0.2374307185463731
0.040748337040361626
0.3767052023455306
0.27109413038344776
0.26502066725818474
0.06638891312692041
0.596255364031689
0.07297669722846489
-0.4730073738386571
-0.9447650066055013
-0.7820642511344709
-0.7588876332767929
0.02456016025809804
0.9459890132923288
0.4910507714802226
-0.45746939446050017
0.2165684716647427
0.9670237505481452
-0.3466966584175897
0.6646608483542131
-0.6988687433477034
-0.6034798191425361
0.05407667387391779
-0.3996553813841752
0.6646608483542131
0.9967580099077429
-0.2543440847371381
-0.9984456051158657
-0.4730073738386571
0.8249301708156447
0.4476202773866982
-0.07592141030447452
-0.13346542444516296
-0.4617343183505864
-0.3996553813841752
-0.7088350792674967
-0.3466966584175897
0.6646608483542131
0.6646608483542131
-0.9599623018661982
0.5215049939810423
0.10120001285782698
0.6646608483542131
0.05407667387391779
-0.4730073738386571
0.8694576483387948
0.04609521003045147
-0.07079178535845365
0.9967580099077429
0.4910507714802226
-0.794894781222965
0.07297669722846489
-0.33316566451951624
0.2552841481850383
0.9459890132923288
0.3767052023455306
0.3029069854505808
