0.4554582051713809
-0.8890912133470634
0.8882512777564366
0.8741678379288442
0.658687413247967
-0.38516870129206704
-0.015999111191112192
-0.5514542364274768
-0.38516870129206704
-0.015999111191112192
0.07903065265536768
-0.9536290960938303
-0.5120439679922735
-0.9805211604577597
0.22414769537405643
0.4086086867273955
0.5122216165114453
0.9805676553835969
-0.7937487251928117
-0.5988250017758163
-0.8539673171277142
0.5772550379475585
0.9271263086520536
0.831720033800023
-0.7937487251928117
0.29615703702857
0.1789053469842503
-0.7428042571690074
-0.476845906947593
0.658687413247967
-0.8147099291868207
0.6159331274804316
0.08321490619945537
0.21728027615891898
-0.19121106177997094
0.2549958019121896
-0.6970064532565998
0.658687413247967
-0.5524407057873986
0.7921358479624314
-0.26850975457968396
-0.36079028830856896
0.06970629358170344
0.2817570280405506
0.2047370458465525
0.6166095875855042
-0.476845906947593
0.5333069716792214
0.21728027615891898
0.5152942286602105
-0.9215454018731617
-0.6449727845625666
-0.9274279090229176
-0.9630693378522837
0.7847314684962259
-0.476845906947593
0.9166256124791285
0.9584534271752401
-0.7508608906553531
0.9271263086520536
-0.70907597735737
0.28214796605560233
-0.9443300840702993
0.8815548723850999
-0.2880875071868929
0.2806850569381161
-0.48244106285863353
0.7732721981976189
-0.38516870129206704
0.5152942286602105
-0.762467010975781
0.7921358479624314
0.9364876042084684
-0.26850975457968396
-0.5075476738322875
0.7847314684962259
0.1789053469842503
-0.3965723340118015
-0.973451559729358
0.6166095875855042
-0.1722175766357248
0.1842259508784858
0.8741678379288442
-0.70907597735737
-0.48244106285863353
0.9710926430355986
-0.36079028830856896
-0.41827807418251695
-0.38516870129206704
-0.18329783439978709
0.5960985471481275
0.06970629358170344
0.9364876042084684
-0.19121106177997094
0.9271263086520536
0.9584534271752401
-0.813106047719196
-0.38516870129206704
0.22414769537405643
0.9657086647633639
0.08321490619945537
-0.36079028830856896
0.1842259508784858
-0.48244106285863353
0.8559145092424283
0.4554582051713809
0.28214796605560233
0.3264532320092952
0.6166095875855042
-0.9274279090229176
-0.7428042571690074
-0.762467010975781
0.45145146369926015
0.29615703702857
0.45938368708057165
0.3264532320092952
-0.5514542364274768
-0.5524407057873986
-0.9274279090229176
-0.9443300840702993
-0.9499327795563943
0.28214796605560233
0.9166256124791285
0.2806850569381161
-0.19121106177997094
-0.6970064532565998
-0.42770459036964015
0.06970629358170344
-0.6449727845625666
-0.26850975457968396
0.21728027615891898
-0.16741480743814363
0.8059863933295739
0.3264532320092952
-0.1722175766357248
