0.49195913463425
-0.9092844814243544
-0.8813383722198223
0.8670171042353967
-0.012151648835645235
0.9106233916916746
-0.587412685805351
-0.46985306074136624
0.8733862880483598
0.7257370518950279
-0.2526224759071305
-0.9092844814243544
0.3626508956609391
0.3595680118999127
0.5705526994848797
-0.535566886765539
-0.4157055546360624
-0.7791677346238255
-0.7703963567352303
-0.5719691450314188
0.3595680118999127
0.3626508956609391
0.42115204255940997
0.8160477316599004
-0.8650664620487432
0.6176238510036285
-0.1650663383037787
0.42115204255940997
0.6413334476473518
-0.7703963567352303
0.5964343639425771
0.5964343639425771
-0.09338876703917709
0.8907006904982901
-0.7791677346238255
-0.45602466811132714
-0.1896110039121499
0.42115204255940997
-0.17128456589972263
-0.6899079072395697
0.5964343639425771
0.9237832913654236
0.5967613393807478
-0.6471076619509983
-0.587412685805351
0.5770132497441953
-0.19786061100072594
0.8733862880483598
0.7257370518950279
0.7832457826642327
-0.48872004407996195
-0.8813383722198223
0.8160477316599004
-0.8813383722198223
0.2926145419206352
0.2926145419206352
-0.26828248397018783
-0.8565239998188499
-0.5806074484828245
-0.8513414039567895
0.49195913463425
0.68250768102658
-0.19786061100072594
-0.012151648835645235
0.5705526994848797
-0.8035659464848739
0.2926145419206352
-0.8035659464848739
-0.8250577475389564
0.3626508956609391
-0.8250577475389564
-0.45602466811132714
-0.7791677346238255
0.6487070156264745
0.9430325207936283
0.42115204255940997
0.04164707899225206
0.03491419617403424
0.2926145419206352
0.27221045416828993
-0.6471076619509983
-0.27606056107575094
-0.8035659464848739
-0.587412685805351
0.6487070156264745
-0.6809064417598907
0.6487070156264745
0.7832457826642327
-0.9092844814243544
0.22094578621617678
-0.26828248397018783
0.5853966311803405
-0.19786061100072594
-0.029346777166288307
0.3446116804078163
0.3098432594849938
-0.8250577475389564
-0.26828248397018783
0.3446116804078163
0.6487070156264745
-0.7791677346238255
-0.27606056107575094
-0.9799154644018089
-0.9799154644018089
-0.9092844814243544
-0.17128456589972263
-0.6664872146756275
0.22094578621617678
0.7257370518950279
0.6586651543277247
-0.2526224759071305
-0.9799154644018089
-0.45602466811132714
-0.8650664620487432
-0.8565239998188499
-0.22940206868783442
-0.8513414039567895
0.5964343639425771
-0.8813383722198223
-0.012151648835645235
-0.1650663383037787
-0.8650664620487432
0.04217654028211504
0.3626508956609391
-0.9092844814243544
-0.9288650249691031
-0.10462733919705247
0.21754398867654956
0.8907006904982901
-0.8836137274721558
0.2926145419206352
0.24778573159954442
0.03491419617403424
-0.5719691450314188
-0.07345707398776269
