0.5677339649452908
-0.2962159548225085
-0.9243847360322226
-0.537814788210861
0.818990192143654
0.16642519176888593
0.16642519176888593
-0.5147769908763984
-0.9229739126740544
-0.8143960022287502
0.34323724773071373
-0.5982944906265792
-0.9229739126740544
-0.09672766361880458
-0.28772468279144237
0.8614461081765976
0.3616336534666855
0.7888743273872987
-0.9243847360322226
-0.7934079841426116
-0.6610677182398541
0.8614461081765976
-0.21052463315454806
-0.16600596736928241
0.9293534100633902
0.5738966559712979
0.7117161076440177
0.3145906410828818
-0.09672766361880458
-0.432273599227589
-0.7367944731097875
-0.8088229934784368
0.6819590108302092
0.34595276245675355
0.9600506155369588
0.003563518838405999
-0.432273599227589
-0.43452710923409743
-0.06483600663636313
0.08372220576338862
-0.43452710923409743
-0.8143960022287502
0.818990192143654
0.7813049995994081
-0.7934079841426116
-0.8583074750211639
-0.432273599227589
-0.06483600663636313
0.23335021892084673
0.11630229972223272
0.11630229972223272
-0.2962159548225085
0.23335021892084673
0.7117161076440177
0.11630229972223272
0.2855075794770361
0.2855075794770361
-0.6606007577907329
0.5628019322156621
-0.7367944731097875
0.34323724773071373
0.23335021892084673
0.9025934966757438
-0.322704080806935
-0.9148655424888383
0.08372220576338862
-0.371208529799963
0.024776941796433194
-0.47348386154403244
0.2788357504665402
-0.06483600663636313
-0.2542114662747825
-0.371208529799963
-0.47348386154403244
-0.8143960022287502
0.3145906410828818
0.6054964716935449
0.37859195649287547
-0.12020098982931748
0.5677339649452908
0.1802399271537518
0.8614461081765976
-0.9681624825122017
0.818990192143654
0.7888743273872987
-0.32118649016465906
-0.20831618865343682
-0.17054622866684732
-0.23803262405814363
0.41527505410533117
0.5677339649452908
0.480593751801196
0.5677339649452908
0.2147253421523665
0.7346072262222738
0.2904505516273952
-0.5982944906265792
0.5677339649452908
0.2147253421523665
0.9293534100633902
0.7051445248582116
-0.09672766361880458
0.365695814820155
0.49621223573698314
-0.12020098982931748
-0.2542114662747825
0.23335021892084673
0.6054964716935449
0.858241217993738
-0.8691535016176093
-0.9243847360322226
-0.254056928789143
0.7813049995994081
-0.9382167138210422
-0.7878505569992516
0.7117161076440177
0.818990192143654
0.16642519176888593
0.10903288214913198
0.4755869010067164
-0.12222829643539335
-0.6606007577907329
0.11060851948342165
0.7888743273872987
-0.537814788210861
-0.47348386154403244
0.921175051255184
-0.8702904638346411
0.5738966559712979
0.23335021892084673
0.7888743273872987
-0.6120946744052418
0.5738966559712979
-0.7878505569992516
-0.9229739126740544
