-0.5664868930842837
-0.7065299106514615
-0.9213000350932012
0.2781831273828863
0.7100160135318487
0.3928279683345033
-0.31255671986376443
-0.9213000350932012
-0.7893628892751126
-0.6546365793843714
-0.7529842739029886
0.200101075810033
0.25430488748034463
-0.7893628892751126
0.6842804915070071
-0.5285220877374732
-0.7893628892751126
0.3111332972829497
0.6144837641500049
-0.5199568097091936
0.3928279683345033
-0.5285220877374732
-0.5149810222139077
-0.8154865559287252
-0.7504892104318088
-0.05255108445581591
0.05374827882167277
0.9971959997135968
-0.5184431594248369
0.7100160135318487
0.566642031346698
0.18133951739342424
0.7398816451727879
-0.7664457554481461
0.6842804915070071
-0.2560998009669737
0.20325830202351924
-0.05255108445581591
-0.36379634698793994
-0.7529842739029886
-0.7529842739029886
-0.7884419387974997
-0.9158886243084716
0.7698708284986369
0.823554812793599
-0.5285220877374732
-0.6320716982294656
0.6842804915070071
-0.9158886243084716
0.823554812793599
0.6842804915070071
-0.8154865559287252
0.7384266875860952
0.27021690677533594
-0.7504892104318088
-0.7893628892751126
-0.5093024500505541
0.08488544506103635
-0.8832184246493151
0.6842804915070071
-0.36646930198299477
-0.4095896025737944
-0.5647617115476968
0.7398816451727879
0.27021690677533594
-0.7065299106514615
-0.8832184246493151
-0.10320319875154493
-0.9158886243084716
-0.5285220877374732
-0.7504892104318088
0.3111332972829497
-0.5199568097091936
0.6623318474261468
0.32566973127058585
-0.05333403571885542
0.4618743251167916
0.7961652775123118
-0.014710946356697452
0.6859550446199827
0.08488544506103635
-0.6096504906080005
-0.716347103057533
0.3928279683345033
-0.7065299106514615
-0.36646930198299477
0.9971959997135968
-0.2560998009669737
0.9159694126095128
-0.5184431594248369
-0.5184431594248369
-0.8154865559287252
0.20270346855137023
0.2837988561136613
-0.6320716982294656
0.21831650076611875
-0.7065299106514615
-0.4095896025737944
-0.5285220877374732
-0.014710946356697452
-0.07782910899627393
0.6388644694921328
-0.7893628892751126
-0.05255108445581591
-0.8416184999625382
-0.8416184999625382
-0.3624216814507377
0.08488544506103635
0.07068586533394816
0.023068550750795502
0.6144837641500049
0.2781831273828863
-0.07782910899627393
0.21831650076611875
-0.6546365793843714
-0.5184431594248369
0.823554812793599
-0.36379634698793994
-0.5184431594248369
0.566642031346698
0.20270346855137023
-0.8416184999625382
-0.07782910899627393
0.6144837641500049
-0.8832184246493151
-0.9158886243084716
0.6388644694921328
0.863369894928036
0.6382587497434691
-0.5647617115476968
0.27021690677533594
0.07068586533394816
-0.7065299106514615
0.7391518859082822
-0.6052257878919369
