0.007173603670706408
-0.7241066591324397
-0.8802769554923353
0.9490575502142937
-0.4663747753964753
0.5650241794879047
0.979097265870708
-0.8689099475718105
0.8650391148288217
-0.41435850474979685
-0.9607590110864548
0.3327932300905412
0.06646374789122134
-0.8076865742321944
0.1114240130232893
0.414429007905011
-0.73778469809476
0.3258938932888549
-0.6188069191150611
-0.6446778142325107
0.2917694131034143
0.9226956182949524
-0.4686589228582523
0.9772252470855722
-0.44061390848079696
0.4484457524560477
0.887734342598312
-0.4563711956465093
0.8421359914978799
-0.9685646113166271
-0.7698879789868225
0.43576279275446783
-0.4538051775969094
-0.9685646113166271
-0.8242157860600274
-0.5826512861971045
-0.8646634753801039
0.979097265870708
0.7479089888994466
0.5650241794879047
0.902389824790579
-0.7698879789868225
-0.06407910969238872
-0.400286739434893
-0.37481778107834196
0.17251028660346823
0.9057634333587723
0.902389824790579
-0.7241066591324397
-0.4150895004149753
-0.23322293065497646
0.713717914508962
0.5407380459152242
0.02346903066739947
0.619665443110192
0.21287280217579352
0.5061511130297294
0.5650241794879047
0.27721582511390874
-0.7798435247464883
0.03857918291481566
0.6056901233310406
0.6056901233310406
-0.8953256378798178
0.6362003752760552
0.27721582511390874
0.17251028660346823
0.5517990891942761
0.7479089888994466
-0.3377555763881992
0.35198939059482304
0.07566139997283883
0.06226681175598636
-0.4226444234215636
0.45937466276797845
0.3152657166289641
0.3258938932888549
-0.9918222674214736
-0.6631538351568242
0.6506763504715865
-0.9118724531999933
-0.6452577702746072
0.5512787057736923
-0.8520546347229736
-0.9564882493641695
0.6506763504715865
0.41120599510362466
-0.5358846544139211
0.6975441337448938
-0.5289330012631968
-0.297452039935153
0.03857918291481566
0.6946217426730108
-0.3162477549348297
0.45937466276797845
0.9772252470855722
-0.5466486226389424
-0.9426553145825101
-0.3666324190530468
-0.7798435247464883
0.13872479911625502
0.5210725810771604
0.2966831819094484
0.5177941116487133
-0.3876306283229032
-0.43605426128624347
0.619665443110192
0.41120599510362466
0.9057634333587723
0.5210725810771604
-0.6145962712973245
-0.6689925888499104
0.619665443110192
-0.8525003604798198
-0.14748532127010772
0.6946217426730108
-0.14748532127010772
0.6056901233310406
0.21287280217579352
-0.9775485615189852
-0.8061832624484875
-0.5358846544139211
-0.42127157676443394
0.43576279275446783
-0.9144039246129105
0.634664088189465
-0.06225013698573334
0.06226681175598636
0.8346517576642214
-0.8076865742321944
0.7479089888994466
0.00396085526485912
0.414429007905011
-0.3666324190530468
0.49966198211015955
