0.49587676905857414
0.12202691033974289
-0.27578805237723203
0.8774400594016749
0.24215725302895685
-0.9330946814630663
0.18789466024816392
0.8836270141928146
0.40837822671399593
-0.5147294272956249
0.20489573147521423
0.27652668771423716
-0.39596464962087086
0.17260572062518786
-0.07446492219885115
-0.6810107541337986
-0.7010153209235168
0.40837822671399593
0.2511213203211
-0.12163942950408324
0.2632951464723774
0.2772422338283016
-0.026454256122434128
0.15698536848161626
-0.11588796069808271
0.07303777829889291
-0.5147294272956249
0.27652668771423716
0.9854295880701718
0.40837822671399593
0.19321304374204007
0.72806422416273
-0.0854324437603915
-0.5147294272956249
-0.2644393053815366
-0.7066742830604396
-0.3364023473483033
0.17260572062518786
-0.498041580733128
-0.9272770930376049
0.49587676905857414
-0.9330946814630663
0.88052099119401
-0.7066742830604396
-0.8280170498619916
0.8031372599782971
0.707723595091774
-0.7733862032572245
0.46134724511987657
0.4805569646964867
-0.11931981055261476
-0.3364023473483033
0.5901522772351808
0.72806422416273
0.12136371235708676
-0.07163133495600049
-0.7066742830604396
0.40837822671399593
-0.6248104747866818
0.20489573147521423
0.35050025748570346
-0.8969090532016606
0.9854295880701718
0.6343298106271118
-0.3100290236735699
0.27767183740429546
-0.6384158901092118
-0.49230014517490583
-0.12163942950408324
0.9633918523850851
0.6909290995690385
-0.05576893133013461
-0.3364023473483033
-0.7733862032572245
-0.8280170498619916
0.4805569646964867
-0.7733862032572245
-0.6810107541337986
-0.07163133495600049
-0.4597373310714794
0.24215725302895685
0.17260572062518786
-0.2644393053815366
-0.5210665413710713
-0.27578805237723203
0.2511213203211
-0.9898791181504372
0.2511213203211
0.3751946450857633
-0.2852639316135581
0.27767183740429546
-0.7066742830604396
-0.5147294272956249
-0.9330946814630663
0.5269713118301256
0.40837822671399593
-0.39596464962087086
-0.3100290236735699
0.17260572062518786
0.15698536848161626
0.3632932154892996
-0.9330946814630663
0.18789466024816392
-0.7889803711200472
0.6285297838176445
-0.7733862032572245
-0.49230014517490583
-0.05576893133013461
0.9854295880701718
-0.10423308878774473
-0.3125638805484856
-0.498041580733128
0.6909290995690385
0.10098576128028935
-0.7290475901606281
0.46134724511987657
0.19321304374204007
-0.3364023473483033
0.40837822671399593
0.3732416097286624
0.3924770451149113
-0.6248104747866818
-0.7162395542085414
0.4805569646964867
0.20489573147521423
0.72806422416273
-0.7889803711200472
0.4805569646964867
0.6996094917301259
-0.9272770930376049
-0.27578805237723203
-0.49230014517490583
-0.6384158901092118
0.2511213203211
-0.9898791181504372
