0.1356686487527441
0.29875367763009186
0.9296768072027144
-0.038005162980412344
0.5659867690215783
-0.038005162980412344
-0.7824547298452473
0.5659867690215783
-0.8001418599798635
-0.22646855244864184
0.3504379347658746
-0.5626783531602939
-0.13791787644405895
-0.30572642526266613
-0.5626783531602939
0.7488697700709892
-0.8745971825391843
-0.40344586137206195
-0.38456083539524655
0.1531478127127439
-0.1447811768634275
0.4776403717202069
0.24628108218163192
0.5659867690215783
-0.038005162980412344
-0.6930486444696708
0.1531478127127439
-0.3607086784492479
-0.5682402686925954
0.8252710125565463
0.29875367763009186
0.14639409863491704
-0.2359548763639585
-0.7448181692830069
-0.30572642526266613
0.29870764195053656
-0.8745971825391843
0.29870764195053656
0.8252710125565463
0.38304931035326084
-0.7824547298452473
-0.3132993967461233
0.7351135841732039
-0.8001418599798635
-0.42101567877063983
0.5659867690215783
-0.9178143006232962
-0.8001418599798635
0.38304931035326084
-0.9761122188044431
-0.5626783531602939
-0.5682402686925954
0.8200033996968523
0.7351135841732039
0.48102396514543444
-0.13791787644405895
-0.9034546965498318
0.29875367763009186
0.7642187430159189
0.022721237803666305
-0.5682402686925954
-0.683304661696664
-0.5682402686925954
-0.8745971825391843
0.29870764195053656
-0.13791787644405895
-0.824561602017682
0.3504379347658746
0.24628108218163192
-0.2910452435760873
-0.38456083539524655
-0.038005162980412344
-0.7448181692830069
-0.22646855244864184
-0.9178143006232962
0.24565976055366856
-0.6708773406101451
0.7642187430159189
0.8252710125565463
0.3504379347658746
-0.3607086784492479
-0.7824547298452473
-0.038005162980412344
0.7351135841732039
-0.20827759181599537
0.5349666438918859
0.5659867690215783
-0.5626783531602939
-0.8745971825391843
-0.5682402686925954
0.5349666438918859
-0.5934266215580986
-0.8001418599798635
0.8200033996968523
-0.3286505341592969
-0.6708773406101451
-0.42101567877063983
0.24628108218163192
0.48102396514543444
-0.02534444133519176
0.1531478127127439
-0.20827759181599537
0.04397874531824386
-0.9165764597837809
-0.02534444133519176
-0.038005162980412344
-0.2359548763639585
0.8252710125565463
-0.30572642526266613
0.29875367763009186
-0.20827759181599537
-0.22646855244864184
0.32857672058354415
0.48102396514543444
-0.9761122188044431
-0.9937228706163848
-0.5934266215580986
0.7703831832936139
-0.42101567877063983
-0.5992931109445272
-0.3047385494180772
0.29870764195053656
-0.6708773406101451
0.1531478127127439
0.48102396514543444
-0.5934266215580986
-0.5588422131190818
0.8252710125565463
0.48102396514543444
-0.8745971825391843
-0.38456083539524655
-0.6930486444696708
0.06994165217842507
-0.5626783531602939
0.7420641030517694
