-0.24332185202873813
-0.28185343603427304
-0.7940578055855714
-0.17221222143505677
0.23474458309295043
0.9950044658899084
0.45786222512904495
-0.36423761245002884
-0.0034573121949610375
-0.2040819184695335
0.5457033936768747
0.1511315150504
0.33705627592098963
-0.8636578166844797
0.9237392341211568
0.1780823556776836
0.22805172814823682
0.5484449803969154
-0.09661776009358447
0.03335566735721884
0.5652805331975284
0.4865431150902306
-0.6258223672596841
-0.2040819184695335
0.7443955111888807
0.33705627592098963
0.45786222512904495
0.03335566735721884
-0.04783060571609066
-0.5406497379926822
0.33705627592098963
-0.7940578055855714
-0.0034573121949610375
0.9622677781214326
0.5457033936768747
-0.24332185202873813
0.7140402420593772
0.24179873895349902
-0.40172143307607167
0.5825654854566482
0.7140402420593772
0.9237392341211568
-0.9888637576141137
0.5457033936768747
-0.09661776009358447
0.5484449803969154
-0.0694652771170452
-0.4872322745386213
-0.17221222143505677
0.22805172814823682
0.9237392341211568
0.4865431150902306
-0.7940578055855714
0.9950044658899084
-0.0694652771170452
0.6094023883934938
-0.647642611327486
0.5825654854566482
-0.04809649881908373
0.1511315150504
0.38450015259092907
-0.7940578055855714
-0.7739585463307617
0.7443955111888807
0.143626939107937
-0.4449079691575566
0.22805172814823682
0.03335566735721884
-0.10927065864230423
-0.5052505987692648
-0.6119844317106777
-0.8499688490722592
0.5260054937650755
-0.07991238028252123
-0.8499688490722592
0.33705627592098963
-0.09661776009358447
-0.9888637576141137
0.22805172814823682
0.1511315150504
0.4086304286621385
-0.10927065864230423
-0.09661776009358447
-0.6258223672596841
-0.8528979835019208
-0.8636578166844797
0.143626939107937
-0.0034573121949610375
0.5457033936768747
-0.6743838767245411
-0.4449079691575566
-0.8499688490722592
-0.5052505987692648
-0.4872322745386213
-0.2040819184695335
-0.04783060571609066
-0.24332185202873813
0.1780823556776836
-0.04783060571609066
0.30039838599120405
0.5457033936768747
0.23474458309295043
-0.35910041399440074
0.5652805331975284
0.5457033936768747
-0.39600939047675676
0.33705627592098963
0.7443955111888807
0.9622677781214326
-0.6119844317106777
-0.0034573121949610375
-0.5406497379926822
-0.5831689459839617
0.03335566735721884
0.13932206849186568
-0.6360333897932398
0.24179873895349902
-0.7940578055855714
0.9237392341211568
0.5652805331975284
-0.07991238028252123
-0.7184605269038313
0.33705627592098963
-0.8528979835019208
-0.4449079691575566
-0.9888637576141137
-0.36423761245002884
0.5825654854566482
-0.6258223672596841
-0.17221222143505677
0.22805172814823682
0.22805172814823682
0.5457033936768747
-0.5406497379926822
0.5652805331975284
