-0.15169666763279932
-0.8601764437258419
0.2429120095487709
-0.504109599931885
-0.5829027547929948
0.9819724144631989
0.16295041344920058
-0.47471062304116196
0.6377985652823912
-0.18849879754490106
0.15628557469329296
0.5217282986768974
-0.8746832192597889
0.2670260004529894
0.3817130442603025
0.12440840442345746
-0.4828450437842977
-0.22122511737036543
-0.5551485125842499
-0.9882911960250369
-0.19810719146730205
0.3753839842501645
-0.36270243270503966
0.12307298903510411
0.36172965124250167
-0.9927455201467532
-0.6197652804519602
0.6767834641500408
0.35132210029761746
-0.937023634310836
-0.5292218684916721
0.23476927927141622
0.1427761433009771
0.4282108211328197
0.289603653918447
0.5939306109648388
-0.24883950217464457
-0.7421946769512318
-0.2799317493289799
0.9384039437071985
-0.937023634310836
-0.8486982547516129
0.8001594729090562
-0.15953880314641733
-0.974638204053059
0.13059411417626543
0.30777766032820386
-0.4652697565567183
-0.8218098144522343
0.7804727820066966
-0.505325030130942
-0.25993777375286253
0.12440840442345746
-0.2639670974382444
0.5113230153994512
0.9746179344311376
-0.7005659547361647
-0.5612987820927873
0.6732661269052223
0.9746179344311376
-0.5612987820927873
0.5823343737067774
-0.9239277802091184
0.9482457501343828
0.21958455732602822
0.5227254429683179
-0.7484253331859052
-0.5077072570267147
0.8001594729090562
-0.348138921378897
0.7804727820066966
0.4952915989414721
-0.25993777375286253
0.2235415998898047
-0.23404530753737074
-0.8486982547516129
0.14736947750402063
0.13059411417626543
0.6090443571210877
-0.29709332425209434
-0.3721761419369678
0.7845558774333767
-0.9316896725858026
-0.3539364691416751
0.1413165724338723
-0.38978416262472715
-0.8489625928126143
-0.7100879688103263
0.9369822427705377
0.768506480667174
-0.9570916635010156
0.18833609716015798
0.311627930288342
-0.7823996837769025
-0.6436612311381982
0.7245951438944529
0.7720332911821464
-0.9437200649101338
0.25747779638464974
-0.505325030130942
0.5406792455603053
0.7403871185541262
-0.24403402095578142
-0.9238184822878357
-0.08681163427978555
-0.4350405808981763
-0.7380320432010081
0.37644359246857695
0.10341120052598751
-0.8218098144522343
0.015720129917401682
-0.9129831523747878
-0.5972992427181956
0.6438415158992277
0.9446007824117713
0.06545268845077934
-0.16011141843394228
0.986864530975329
0.5113230153994512
0.61988403716613
-0.24379887828095148
0.7348646581014566
-0.20188130209730604
-0.870968970550354
0.986766038310334
0.5012278679926379
0.9560481141074662
0.6836545324842349
-0.9237707030963216
0.8682965023952101
-0.6676040709245858
-0.6079892915385314
-0.3410236210778099
0.8381545152961372
-0.8212028795695892
