-0.29888295319591407
-0.22708458344079774
-0.13642768401795924
-0.35612135584776894
-0.8331677877775676
0.798679239494223
-0.7254956480774153
-0.6285612209708269
-0.3718198648681288
-0.9208759667930935
-0.23414868963334245
-0.9818202702099195
-0.00797187263673993
0.6263739288487555
0.21256407390903131
-0.19287100801400658
-0.23436562309910092
-0.67129413738339
0.6214036460389065
0.6309002398752381
0.9666612468620162
0.1606059593237732
-0.12515583002318142
0.07738422876980233
-0.00045495743549128775
0.8727424792837579
-0.45733161058569305
0.26424077370568555
0.9922806129858273
-0.7799063713148775
0.29877323626223484
-0.9433863871540056
0.2701226400412169
-0.5370627026407424
0.29877323626223484
-0.8037806391247706
0.8341634594341989
0.9572271579852571
0.8105483024162108
0.8115672954481965
-0.600044305752268
-0.4263047633077963
0.9734053763014692
0.26864711188273893
-0.12515583002318142
-0.4656021897803784
-0.7085311585180027
-0.7434108337191245
0.5298316985900864
-0.3148648767362576
-0.7743358817532877
0.34905270780042663
-0.6926364440569444
0.6202498806195735
-0.14567906661014995
0.31256792728849203
-0.14567906661014995
-0.1671745605645616
0.14956064430228966
-0.9530646167516892
-0.7483519899148487
0.12174281299324785
-0.6773577384221632
-0.04739627752856013
0.4950247484847803
-0.26292506360238077
0.9723402015016978
-0.6439716016418622
-0.7760133494907298
0.3776474301238284
0.732939849825097
-0.7790676703248696
-0.2714231692559186
-0.22058720124951914
-0.7085311585180027
-0.9010023713863784
-0.6285612209708269
-0.9760190419646242
0.09608773863740772
0.5971279624110655
-0.7790676703248696
-0.6926364440569444
-0.44104517900349904
-0.2070361818362081
-0.7483519899148487
-0.5027155140121622
0.26864711188273893
0.16668941633154888
0.8754360377935235
-0.35612135584776894
-0.9687274073412406
-0.2070361818362081
-0.8785238087253655
0.8754360377935235
-0.7739220835781253
-0.6895150664004384
-0.5714215312548052
0.7083042237508115
-0.5242978554954423
0.6214036460389065
-0.9822288695488095
-0.017104015847690723
-0.6473693698831833
0.36147255813855605
0.9562650669727961
-0.2758142854063452
0.6033586215681264
0.6897728429821444
0.21256407390903131
-0.15888830459529668
-0.9254607558950296
0.9152783726226645
-0.1671745605645616
0.623295792650439
0.389394941002432
-0.13642768401795924
-0.8426832948798328
-0.8760365289472665
0.1956954665012589
-0.24071038789086652
0.4881511062903934
-0.514313215848929
0.5298316985900864
0.6033586215681264
-0.3247872860932559
-0.7254956480774153
-0.6604712385202243
-0.2249832218321033
0.44435696646394773
-0.5024495993480527
0.29125850662206254
-0.7987712850953854
0.29125850662206254
-0.7434108337191245
-0.7892841355431588
