-0.5038053651388108
-0.4286530271554352
0.8752062952300486
-0.5062205941681324
0.6853304330046934
-0.5613503461847542
-0.007469679876439539
-0.15143596186607655
-0.18008869207921507
-0.07632619734820367
-0.4991121734447608
0.7549141300539608
-0.4787569285725608
0.08711139876680551
-0.5276000337168472
0.3933176747909741
-0.04260077777240534
-0.28704544624205064
0.08619828345966396
-0.4226221384594786
-0.6336105948641366
0.1646293420560978
-0.3976513371216328
0.7531728577950461
0.9809937997450804
-0.9653344072225818
-0.5819646219366237
-0.2633187356216993
0.7531728577950461
0.30673213759978735
0.01334180918826422
-0.928420457601824
0.8598992101861198
-0.17652063154601194
0.5914421905787128
0.6144878638246118
-0.2681960872144211
-0.5810643543891556
0.8815618055088548
0.553393651918425
0.4573356691288175
0.3551508722084664
0.7348900625177313
0.6679517145164677
0.40487756608189596
0.32045890377816866
-0.7758777303754458
0.37209310663999884
0.40487756608189596
-0.07632619734820367
0.6100629428246345
-0.15871185680556188
0.06887355956508245
0.48713691321865293
0.08619828345966396
-0.7770218401698756
0.10861247111498806
-0.5009274551317953
0.9234451356220723
0.4573356691288175
0.4077948023727924
0.40099544808293963
-0.19164150541466896
0.8642072435701902
0.965360104168401
-0.5645318340863512
-0.25545405320755044
-0.6113768199887477
-0.3976513371216328
0.9055780215892533
0.3960673754763335
-0.03561395548599866
-0.25545405320755044
-0.44211503914542716
0.2240928929452164
0.5873448631020333
-0.5328481832969323
-0.7545603653436348
-0.014573898374066196
-0.8113123123966519
0.9809937997450804
-0.5539442490322226
0.01329451003914528
-0.788366002750285
0.9980910574458652
-0.0648298289029845
0.9312095163259588
0.7479543844330037
-0.6564580313409816
0.47093015517563575
0.918386547132221
0.6289697071002682
-0.4991121734447608
0.2587201142495654
-0.08328918555891773
-0.5270745272235806
0.8870756896926153
0.13175211808940923
0.4497812843676219
0.43541964707193626
-0.19370900119658319
-0.08328918555891773
0.3035469087747418
0.3694810799989019
0.4077948023727924
-0.9592755212881965
-0.48522424362283867
-0.28704544624205064
0.4901153629884649
0.5195431000718658
-0.4743448912102366
0.48798097493907
0.6289697071002682
-0.34008445732262493
0.6205818917583583
-0.6060592630365345
0.29213757498926096
-0.1925968634833073
0.8730593518575416
-0.988557121525818
-0.5309951195557323
0.40893354050173336
-0.821219257545718
0.9317945021403129
-0.3364243470880113
0.6901241192103071
0.2587201142495654
-0.25177931660967556
-0.03254122340723753
-0.6534044878244345
0.758022871457634
-0.768243158604931
0.7450300187167962
-0.8693483068908452
-0.9224717543263754
