0.9335388741557684
-0.5251387137202883
0.45548128591516224
-0.14560467922449893
0.453850496681091
-0.49610790252316317
0.1047233601941413
-0.07398244413003763
-0.5120583000815411
-0.3833653717574945
-0.7782334680339591
-0.5077542558100978
-0.0633056715892768
-0.4715900240356292
-0.1252288556248713
-0.07402866307461697
-0.5968000636465431
-0.3555906100544366
0.9877930447943026
-0.5120583000815411
0.9492985528258784
0.2380521159488984
0.24986590453581137
-0.10359065409834511
0.3086207831305232
-0.10118690444016654
-0.8861036451310509
-0.14560467922449893
-0.7409594226832477
-0.5417365079242138
-0.4489016493707676
-0.793743553631981
-0.830961106132132
0.05193521555906222
-0.4830603245498879
-0.4489016493707676
-0.13834993480721236
0.843882868054737
-0.43939562077981487
-0.08998700508582003
0.6881209113564133
-0.6722688788483453
-0.793743553631981
-0.09302976771946869
0.05193521555906222
-0.7409594226832477
0.9226364749572855
-0.8861036451310509
0.8944513067092752
0.9520241553257747
0.2380521159488984
0.9769378047151642
-0.5417365079242138
0.8159714978610138
-0.942541472825078
-0.12113614579670906
-0.14560467922449893
-0.793743553631981
-0.9421941596853001
-0.3779444925697484
-0.5877255057966846
0.6393794941034507
0.8526618911799535
0.17190951356809903
-0.3169208315529173
-0.830961106132132
-0.41118795684052367
0.009354196795804404
0.6881209113564133
0.988368404260721
-0.8861036451310509
-0.5369808277859405
0.9068445044792994
0.5955970429126389
-0.5417365079242138
-0.48538082625396917
-0.10359065409834511
0.6206281307236088
-0.07402866307461697
0.988368404260721
0.4646784345855406
-0.10359065409834511
-0.8354264129315536
0.7560201212386346
-0.061560222060952796
0.9651329312376307
-0.3555906100544366
-0.10118690444016654
-0.9363889555266993
-0.8788320257167237
-0.2594216070589732
0.20180074471525966
-0.025149158096268387
-0.5968000636465431
0.9890707159560161
-0.8465078185642723
-0.1252288556248713
0.7396758307718441
0.9520241553257747
-0.9268908986161903
-0.6910078688068091
-0.10118690444016654
-0.6189248797103908
-0.1252288556248713
0.7360423307035246
-0.061560222060952796
-0.2438676713354273
-0.49824448570393787
-0.15627963962782432
0.8235993915151147
-0.4427506873566349
-0.14429432477521864
0.9877930447943026
-0.11888771633211381
-0.459340610467607
-0.4993745919780195
-0.5369808277859405
-0.9363889555266993
-0.4427506873566349
0.6393794941034507
0.9651329312376307
0.7560201212386346
0.9100059393158528
0.6059317478880015
-0.1466701093864311
-0.4830603245498879
-0.29670805166468583
0.6059317478880015
0.2725717829735739
0.009354196795804404
-0.6261020506226653
0.310744552625422
-0.7857018137054279
0.9294376327590035
0.2114474980313663
