0.13092193376194072
-0.3060297528115077
-0.5549982920477865
-0.29754905201065385
0.5368560645191156
-0.3683588784195462
-0.6807285569033024
-0.3914452145237248
-0.16903652475827724
-0.5465334596715765
-0.26583029091398314
-0.6541482978498889
0.14408523722244948
-0.3060297528115077
0.5588437549013123
0.524022010227017
-0.17896112862254876
0.5588437549013123
0.7000202190932263
0.88443299903766
0.1961157750639817
0.6844583175731391
0.687445487572254
-0.6541482978498889
0.6453382404639032
0.8996373612420705
0.7775521594618022
0.3326427166312431
0.283187610713342
-0.29754905201065385
0.6225845976498481
-0.7760989712615558
-0.4918256368433136
-0.9967057360037301
0.9178213388748815
-0.4888355443184751
0.9339267296851919
-0.3978211259448332
0.8613230285882392
-0.3468089052458361
0.21575941269628096
-0.5549982920477865
-0.05999440752205554
-0.5239309327878938
0.88443299903766
-0.16161744801901357
0.21575941269628096
0.687445487572254
-0.9403834489688729
-0.8112035461098164
-0.3678796005113225
0.5047875330031029
0.6477327035233353
-0.26599552586743025
0.9668292911323779
0.6225845976498481
-0.9806330870052848
0.5167199995314913
-0.3060297528115077
-0.21199056005217942
0.6701978928939338
0.11218324944699742
0.1961157750639817
0.28717998244448517
-0.7074108996908162
0.8558573697127967
0.17088919742818676
0.056025921888863905
-0.7868174446720348
-0.20253987460902168
-0.5164313740245536
-0.24053050013118882
-0.05535253622921865
-0.08761349302697341
0.30379696114218735
0.88443299903766
-0.3683588784195462
0.22100962476180763
-0.9349697194225228
0.720315981383425
0.09985396592558571
-0.42265886335002945
0.6236464575003184
0.687445487572254
0.6784722251015411
-0.8336152371405638
-0.5778520784249286
-0.6680103313882106
0.4225494107886596
-0.3993947131861775
-0.03311744226695024
0.3433260621227796
0.6784722251015411
-0.16903652475827724
0.45068848245009363
0.45068848245009363
0.7712495496291027
0.3326427166312431
-0.6807285569033024
-0.7497895769458287
-0.5465334596715765
-0.8209667446688798
-0.6680103313882106
0.26762608689596634
-0.5164313740245536
-0.022937794760866437
-0.9447011718005061
0.8613230285882392
0.09257537519289483
0.751234862384768
-0.940158598016257
0.9668292911323779
0.7912383745842133
0.857474423803751
0.11218324944699742
0.7000202190932263
0.8716673863309015
0.48190713556924925
0.1260911365480879
0.9339267296851919
0.9178213388748815
-0.7986848224916792
0.8522164012384945
-0.23977180666692077
-0.7215910103056007
0.6477327035233353
0.13659352023818738
-0.3419457548134708
0.5102027320153149
-0.3468089052458361
-0.3914452145237248
-0.16161744801901357
0.524022010227017
0.09257537519289483
0.39828765597754123
