-0.5103263087174033
0.8129055358356958
0.8476606244321099
0.5667442206023854
0.8694537950108077
0.3812921932167179
-0.9305536824138361
-0.030941808095015233
-0.8497250240413543
0.4330540320233722
-0.6131050117462782
-0.21776740980627118
-0.5460895027704653
0.14973693286012657
-0.3303514972599857
0.7998893882585858
-0.9159068442335658
0.989177349843124
0.8834394286237506
0.7690791418734069
-0.008469083961065715
0.9067505473766226
0.6716728684328632
0.3191887779711693
0.6978301675172984
0.33614523299755605
-0.6158919363993676
0.4950261266349709
0.7586550877129599
0.24649643613403827
0.25060263072870415
-0.1801059991933298
0.759294894245967
-0.009631077234689922
0.8137147925150883
0.1506473640101531
-0.8839994931022368
-0.5103263087174033
-0.28772711661790473
-0.4870837936660377
-0.2771821905974443
0.5266165824883042
-0.9200986447558954
-0.9013167088567204
0.7307729019678555
0.2517564553488656
-0.6983802384896081
0.5253736355444814
-0.4713860595554915
0.3553446388863255
0.3971177517468447
0.5184543954260523
0.6623906265225139
0.7136004424194733
0.4829647672498172
-0.9675197145849372
0.169407811786231
0.7061741207314987
0.13105654065207895
0.3553446388863255
0.12355319618821525
-0.23499017406738787
-0.9213821417377004
0.06276959698521534
-0.7070493654437486
-0.09603268902851325
0.02359537424700009
0.951482790249204
-0.9061769958343802
0.4040052578021527
-0.4135380295829447
-0.5509159189118926
0.6717502859166224
0.3260123637452734
0.008268940329837271
0.5929821101119508
-0.6967021274309486
0.3959660802100322
0.6819288094616152
0.5979504924454653
-0.7778516841875627
0.8938440010505475
-0.3772932470518662
-0.4870837936660377
0.2043099530179895
0.1155115584184856
-0.3504888667787327
0.27089242333327146
-0.39064400673074995
0.848247078959419
0.19201345202979714
-0.5207666599706864
0.4080173298790861
-0.9733657384379466
-0.5498918740968237
0.6261002984750581
0.26991470203549284
-0.47847039675247705
-0.6014721711090514
0.23990713527705543
0.4210018898405725
0.9737670659684068
-0.7535306789482372
0.9560358830459676
0.6007225067323967
-0.3228395642877888
0.723552788835466
-0.14309944262865115
0.03227906977965489
0.638704760627858
0.11224244530145788
0.11950688993585556
-0.8125332064070669
0.0237452904181481
0.7995691333390726
-0.8859466297145251
-0.9795657734274139
0.2023117182309353
0.2930628590853712
0.4511451963067008
0.5239317040521521
-0.7770117343094718
0.11155367955657391
0.9312931958584192
-0.9283477461061505
-0.6562473950018264
0.4420117724665842
0.7303239639860375
-0.5843330264132214
-0.7565551946061166
-0.9290445739749962
-0.09603268902851325
0.12355319618821525
-0.12086683936418186
-0.13717199317209827
