-0.025634882058220843
-0.0542119594509074
0.7799655358890063
0.7695455247372667
-0.3668960314400591
-0.16391401633315494
-0.2760173016986345
-0.9950747870971357
-0.36218197742497393
0.730587005463164
-0.15185958263356514
0.7761021378244157
-0.36218197742497393
-0.025634882058220843
-0.3171078980456412
0.04269681710738027
0.5179870439634129
-0.2760173016986345
0.05675777299897611
0.8401935650637808
-0.8615326115444208
-0.7286938599107469
0.693956335359857
0.38736868790165335
-0.512232015504928
-0.6893110721214701
-0.9427614846727153
0.4945046503912922
0.8401935650637808
0.14846819846002623
0.27344695650852735
-0.3668960314400591
0.6078107821175089
-0.594989931202732
-0.6667945986394312
-0.5888021090438453
-0.025634882058220843
-0.9427614846727153
-0.0542119594509074
-0.8270360555766818
-0.245318453472676
-0.739150850599205
-0.7286938599107469
0.19239135089732118
-0.3272685601371881
-0.36630077564738306
0.6941135609906763
-0.6536885723837249
-0.09474118761857664
0.38736868790165335
0.8401935650637808
-0.49607278356411144
-0.8642479120889881
-0.5200107242873124
-0.3014588604608508
-0.3171078980456412
-0.5479932981655247
-0.5411667961215227
-0.001377397200868602
0.747487894659858
-0.669160905493438
0.03995342837801874
0.7761021378244157
-0.22492224045391596
0.693956335359857
-0.9427614846727153
0.05675777299897611
0.8167058838788943
0.9287109114762617
-0.5411667961215227
0.03995342837801874
-0.6536885723837249
-0.26163275913270745
-0.0907996302370806
-0.341841191375593
0.6078107821175089
0.19239135089732118
-0.669160905493438
-0.15185958263356514
-0.8615326115444208
0.5179870439634129
0.04269681710738027
0.18561759045371518
0.8210210325550411
0.4424876600846903
-0.933713139265204
0.4118122990591242
0.4118122990591242
-0.341841191375593
-0.3069765063669576
-0.4535668596409381
-0.512232015504928
0.8549465754650436
-0.6536885723837249
-0.8642479120889881
-0.512232015504928
-0.6667945986394312
0.9667445054090256
-0.12661049292449222
-0.739150850599205
-0.8270360555766818
-0.08275216952129227
-0.6536885723837249
-0.669160905493438
-0.3171078980456412
-0.8270360555766818
0.4118122990591242
0.8549465754650436
0.9471203909562227
0.6747368995030556
0.895424001502549
-0.15185958263356514
-0.4535668596409381
-0.7629236971870321
-0.6667945986394312
0.18561759045371518
0.1317467974257558
-0.36218197742497393
0.693956335359857
-0.8946517503407962
0.730587005463164
-0.3014588604608508
-0.9950747870971357
0.04269681710738027
-0.6893110721214701
0.43724721313066595
-0.8642479120889881
0.747487894659858
-0.6893110721214701
-0.3272685601371881
-0.6893110721214701
-0.245318453472676
0.036687563143739554
-0.9175412118674546
-0.37248682843322656
