0.26006405857986303
-0.9400553701140062
-0.5099591750383374
-0.45331619338720874
0.09720431246241201
0.5321414479278717
0.42458183197162147
0.07163788572834684
0.3896796936483067
-0.7088663127895887
0.817998033399479
-0.845351607964073
0.7752643349030235
0.24838734672301688
0.8960688538411914
-0.14994199866412306
0.7855610855816728
-0.0023995817022353094
-0.8528303186091977
0.4989402091963242
0.87675536677009
-0.7670117889197765
-0.5755490326010715
-0.5895263657447591
-0.7420002265637808
0.418516822138737
0.01567044254230132
-0.5012151020735984
-0.6082801364863657
0.9651273684602988
0.10300939939213705
-0.29690574241997636
0.5728688858581252
-0.7085611408367656
0.056318136308078914
-0.2738861296516726
-0.650532351647048
0.7301421158635419
-0.6076106394925962
-0.84449967799955
-0.4275881238297583
0.9510598192520985
0.6816877958490843
0.04335156581475519
0.4745563501514718
-0.6302895671309732
-0.6399778750095069
-0.8998549160364269
-0.14177899076078138
0.6212105253632407
-0.6082801364863657
-0.17942943795805832
-0.11964550653349204
0.04053621357457127
-0.9131811534976184
0.04335156581475519
0.8797449205077759
-0.650532351647048
-0.5462618423353103
0.6348992997447025
0.9308042156178671
0.21096705404682847
0.644104331609268
-0.6228645584147272
0.9140161524268016
-0.7409172106249406
-0.2871818215824897
0.05513936429200461
0.6816877958490843
-0.8498564515295683
0.9510598192520985
-0.0821512955672723
-0.7322464381528093
0.4702688189494113
-0.8291642965642707
-0.014176776529429391
0.5531974156457748
0.7865380355928338
-0.15666192787663613
-0.1570310771593546
-0.8998549160364269
0.08005090465638931
-0.22105118244520305
0.9651273684602988
-0.6301833571252855
0.7459632274472241
-0.8139487487739459
-0.06136165703519314
0.08005090465638931
0.8063873455046404
-0.7409172106249406
0.8478513374414278
0.7538725519723048
0.04335156581475519
-0.8558145630843106
-0.32148363038577066
0.9520178837671012
0.7602202992317209
-0.9400553701140062
0.056318136308078914
0.77174152032827
-0.14177899076078138
-0.05993894613127182
-0.26616347476053903
0.4702688189494113
-0.76845235682902
-0.17942943795805832
0.8478513374414278
0.1602636788148155
0.7205072937435797
-0.6301833571252855
0.04053621357457127
0.10608464700814446
0.7687798652956759
-0.07084423032663922
0.3928176497334741
0.5533363869877843
-0.9184237660366394
0.8300051440264002
-0.7978715076224918
-0.530774173053034
-0.6492325345509302
0.05513936429200461
-0.4574954422169215
0.6212105253632407
0.05211607781930838
-0.12621936607495
0.7752643349030235
0.7163029711969966
-0.15666192787663613
0.77174152032827
0.24838734672301688
-0.40175233193509907
-0.7420002265637808
-0.530774173053034
