-0.7163652726119212
0.3349443557226417
-0.7497582595394836
-0.911836092595472
-0.90181038340667
-0.38901461658784675
0.570798555690541
-0.1728225436120907
-0.5019172998140786
-0.7208314922363834
0.7906132211597823
0.7298675721614085
0.9136933340220961
-0.90181038340667
0.723481891302904
-0.31301932878005934
-0.4361454065178463
0.7906132211597823
-0.060800054212705845
0.2689548113335718
0.6182276845947887
0.37361448920053664
-0.08965737502156657
0.044487045868023545
-0.31482321818464465
-0.0065619218187309425
-0.8830287357794329
0.309945274080617
-0.45273914026320283
-0.6888099261031686
-0.027569657836794104
-0.5162925620650722
-0.48302648335971576
0.012026685751930666
-0.4598845720153424
0.8446711264495468
-0.9071981984063104
-0.9554863735851493
0.9276852589707778
0.012026685751930666
0.817409873600667
-0.28681788890576176
-0.3001095507813385
-0.869516991735727
-0.4079791247465694
0.4581287883585543
0.15789999020612666
-0.021880114386024996
-0.7987374402232381
-0.14604873737397384
0.11170421149568543
0.812290736333884
-0.4590290692558099
-0.9950910189808693
-0.7418466647438169
0.05511069363869181
-0.7970720385992751
0.9294595029226427
0.9792523431083753
-0.9445945506538205
-0.9554863735851493
-0.37699170983469465
-0.057816285310382076
0.06410455624979039
0.4896488505617218
0.03867295846482377
-0.2916431731539555
-0.9352712863413726
0.2796925789929574
0.39342019049217125
-0.1801007069496674
-0.8215633715018122
0.5086583643828249
0.952206610874115
-0.17717927972883207
-0.3216180529618693
0.6039843769894981
-0.3212530100454922
-0.3286960386800355
-0.7511382341932393
0.5726121797437003
-0.43527822835684105
-0.2818519256364038
-0.5212379520099581
-0.7208314922363834
0.6828079551307198
-0.42273182941679033
0.6630502470872657
0.11265108316903882
0.14187655445929193
0.5086583643828249
0.1658120834336112
0.5328569213468297
0.6045005352736634
0.4181884431040792
0.771902737465562
0.6045005352736634
-0.7454172816167774
0.34945445356712
0.7958664067685757
0.06327084340309841
0.4862423490812451
-0.9258809615677257
-0.5629421294129058
0.5461108961429315
-0.22344932430027176
-0.40809778365953875
0.5492900208746658
-0.28331614672635785
-0.14063321909206028
-0.2490358626807343
-0.057816285310382076
0.0012098201204047143
0.4919433049032027
-0.6281573563916558
0.1658120834336112
0.5827029204120455
-0.6468962410502723
-0.6266700364091782
-0.9071981984063104
0.20503134178182325
0.42352312177893037
-0.8384317529145442
-0.4271966916183847
0.38976602920426173
-0.7761062986708813
0.245035198930734
0.6861187030310358
0.3836967979245278
0.22904347162042438
-0.36145672978164134
0.564603508082351
0.9502550554118574
0.5148838856699818
0.5464871023304751
