-0.5862672867089405
-0.2643639723281914
0.7613973094981079
-0.852355163284946
-0.7017090674404789
0.8796465868748737
0.8319863521720052
0.8103491995038259
0.07800793585543464
0.978642742373381
0.18042302277994127
0.06970489511741951
-0.35928545191884065
-0.9596383972492932
-0.35124980719246657
0.10689219268248795
-0.07145535130088843
0.23272123352260876
0.8085206825680515
0.14098637205425235
-0.9719434285882684
0.15581371827470702
0.10823471345600022
-0.9596383972492932
-0.42055693322636123
0.8103491995038259
0.6872870269358846
-0.8788581924321535
-0.48289566007945717
-0.6973928488740242
0.4954596273464633
-0.628021983957304
-0.07145535130088843
-0.7380877622397
0.18042302277994127
0.24154439697781993
0.5825572832985435
0.097184521157331
0.04589969049008302
-0.6189054311719069
0.9004108579778054
0.0031138149421126027
-0.6973928488740242
0.8103491995038259
-0.628021983957304
-0.2643639723281914
0.06970489511741951
0.2967585304873166
-0.6097066878377875
0.3317525395804177
-0.32160386875783087
0.7613973094981079
-0.2643639723281914
0.10823471345600022
-0.35928545191884065
-0.5493543832381147
-0.7380877622397
-0.2643639723281914
-0.7527833645670472
0.04589969049008302
-0.21963270991780348
-0.2711917735755829
-0.6478547268733508
0.15581371827470702
0.5859014841437953
-0.17126699009679625
-0.6947921165757647
-0.5197788092388602
-0.32469295709302703
0.8388063670710262
-0.9549268275571339
-0.7846904651172999
-0.8375965094363143
0.307308241726272
0.26515526269193557
0.14098637205425235
0.40064396504889066
0.34775352341651167
-0.12139595432012307
-0.7054667753192128
0.9412128091371359
-0.9680158120538389
0.29976830486519135
0.6300683616028151
0.3317525395804177
0.2967585304873166
0.0031138149421126027
-0.6097066878377875
0.11397780278529512
0.998027720663095
0.0760628119593767
-0.014998485101593406
-0.917984877155966
0.08779033474046782
0.12914555005867046
-0.32160386875783087
0.009187920921508663
0.04589969049008302
0.5328960082941623
0.26336608965235464
0.15581371827470702
0.6436858233183844
-0.4023018204910298
0.7987061180393689
0.04148992577749144
-0.7527833645670472
-0.4610732258794512
0.4039266905828798
0.8260746880658283
-0.1743475037004074
-0.7745445088575376
-0.09749657715042881
0.768493499206808
0.4039266905828798
-0.16433488561646548
0.3100437043019644
0.6071927236359982
0.5283884188941517
-0.14674656020868682
0.07935470173343684
-0.9949210777991782
-0.4336426818447643
-0.7943654546492633
-0.755397389365233
0.43591091595700004
0.24154439697781993
0.9004108579778054
0.22839329978803424
-0.7054667753192128
-0.8791065440136976
0.6321508196284584
-0.41044396189052956
-0.714069899575122
0.5711197446660159
-0.17145151332287378
