0.5073958762181832
-0.3389863111756366
-0.7587689903488837
-0.34098893238393946
0.4333491981820834
-0.5931259358906311
0.16588018555905637
-0.7505099742571371
0.5506521155445634
0.5506521155445634
-0.9232065313914508
-0.5182310719998184
0.8305945301320488
-0.5182310719998184
-0.45383751661262783
-0.9562311015453266
-0.276792935582415
0.3760137567742061
-0.45383751661262783
-0.5621724225974953
-0.05789374526313451
0.24726428106350595
0.8915254432802489
-0.6456302426680769
-0.3491811171339323
-0.6036313734510221
-0.11733480870643054
-0.7882919597827798
0.9708438550924992
0.4600186920869336
0.4333491981820834
-0.3389863111756366
0.06732607176219574
0.04447310184590392
-0.9505252439329959
0.05065071506903607
0.36384006803942603
0.36384006803942603
0.06732607176219574
0.5881355402180246
0.04447310184590392
-0.5202164610757303
0.5506521155445634
-0.6958040136484971
-0.3389863111756366
-0.45383751661262783
0.8196758736353538
0.9708438550924992
-0.9562311015453266
0.060539426033828336
0.6730490104547144
-0.5182310719998184
-0.05789374526313451
-0.9232065313914508
0.5284143871894984
-0.5621724225974953
-0.9505252439329959
-0.7505099742571371
0.04447310184590392
-0.5066449915236046
0.060539426033828336
0.4600186920869336
0.9036075372271479
-0.5931259358906311
-0.7882919597827798
0.24726428106350595
-0.3491811171339323
-0.7578918004219464
0.36384006803942603
0.6220412094790633
0.6730490104547144
0.24726428106350595
0.9708438550924992
0.5073958762181832
-0.34098893238393946
-0.9505252439329959
-0.276792935582415
0.4600186920869336
0.04447310184590392
0.9708438550924992
-0.9562311015453266
-0.9232065313914508
0.34242809154791565
-0.5621724225974953
0.04447310184590392
0.06732607176219574
-0.912021920867049
0.4333491981820834
-0.9219452950048037
0.24726428106350595
-0.11733480870643054
-0.5066449915236046
-0.7882919597827798
-0.9562311015453266
0.229500450807262
0.24726428106350595
0.6730490104547144
0.9223862783365475
-0.7587689903488837
-0.5621724225974953
-0.5931259358906311
0.9841126539476694
-0.10448952168702141
-0.45716164888794975
0.34242809154791565
-0.7505099742571371
0.48591513827305866
0.5446117314050767
0.6730490104547144
0.24726428106350595
0.06732607176219574
-0.10465458178747356
0.9708438550924992
-0.45383751661262783
-0.6456302426680769
-0.11733480870643054
-0.05789374526313451
-0.3491811171339323
0.9708438550924992
0.24726428106350595
-0.05789374526313451
-0.5621724225974953
0.16588018555905637
-0.7587689903488837
-0.912021920867049
0.24726428106350595
-0.6036313734510221
0.06732607176219574
0.5506521155445634
0.8915254432802489
-0.531261035499873
-0.912021920867049
-0.5202164610757303
0.5073958762181832
-0.05789374526313451
