-0.5940919635251243
-0.39660159175972254
-0.5820230611237398
-0.4147520391244659
-0.5820230611237398
0.8702320987072165
-0.4896154960519148
-0.16853464282458241
0.3661384654078834
0.6016083784301056
0.08680254042932067
-0.6619317213588578
-0.5898171131171126
-0.5820230611237398
-0.39660159175972254
-0.003820040224954413
0.9494717251025293
-0.03894922563720038
0.8702320987072165
-0.10035276033671892
-0.21277939378891086
-0.12840378392572815
0.3428132087684861
-0.8407362778519805
-0.003820040224954413
-0.16853464282458241
-0.4055314526105591
-0.9484237369802568
-0.6961122550799568
0.6495956575462398
-0.6961122550799568
0.718650096274229
0.26761275176189736
-0.10035276033671892
0.4650744579314967
0.26761275176189736
-0.39660159175972254
0.3897907780429921
0.9987582318688153
-0.6961122550799568
0.9494717251025293
0.39539475955704906
0.8093510723663833
-0.08172230659876889
-0.39660159175972254
0.07022385677228837
-0.39761903656029984
0.3661384654078834
-0.559756283436291
-0.16853464282458241
-0.35149044886556635
0.5332591671609164
-0.39660159175972254
-0.4147520391244659
0.37056492116570316
0.5165864505798272
-0.9936277477741908
0.6843102600872013
-0.003820040224954413
-0.5839176174257812
0.757455133620877
-0.6943817874893032
0.5165864505798272
0.7579851466617229
-0.6943817874893032
0.5701398495918482
0.9438218387211543
0.8093510723663833
0.34412830573806263
0.757455133620877
0.9438218387211543
0.8093510723663833
0.5893629115831982
-0.5820230611237398
0.07022385677228837
0.5697210543347999
0.5701398495918482
-0.4657503605299478
-0.4147520391244659
0.6016083784301056
0.6315716082866878
0.01084560293732606
0.21375124534471168
-0.4657503605299478
0.9665309176632382
0.016790054898626616
0.5813450981806505
0.9438218387211543
0.32007505806747294
-0.9905993447709129
-0.4657503605299478
-0.5853481935530949
-0.39761903656029984
0.37056492116570316
0.8093510723663833
-0.003820040224954413
-0.79815023656244
-0.8710273870885659
-0.40281718580617265
0.1432029232055061
0.5697210543347999
-0.18922910765651713
-0.4147520391244659
0.34412830573806263
0.08680254042932067
-0.4896154960519148
0.3428132087684861
-0.21277939378891086
0.3245647001008565
-0.8401811289812517
-0.6619317213588578
0.3428132087684861
0.713618158188118
0.39539475955704906
0.9665309176632382
-0.5940919635251243
-0.8401811289812517
-0.8710273870885659
0.9375390799908807
0.39539475955704906
0.8093510723663833
-0.784186094168454
0.713618158188118
0.20199264009845752
-0.9081400325039573
-0.3847197393430639
0.4633454858484525
0.20199264009845752
0.32007505806747294
-0.4657503605299478
0.34412830573806263
-0.003820040224954413
0.6016083784301056
0.01084560293732606
-0.6737808292043428
