-0.6973571518569979
0.26842407920265265
-0.7226846517940246
0.6754917665546192
0.9304437436039581
0.5028792274097029
0.32926027806269387
-0.4545298361124348
-0.9050178925461847
-0.5058774194241025
-0.37704912041376604
-0.058469348277049527
-0.5387343588870621
-0.9971495090611915
-0.9207665906629832
-0.2337208997500284
0.2672064239297569
-0.639733421210853
0.5773754727897751
-0.5083655563000087
-0.7391505667255669
0.6049302701840569
0.7349446233518315
-0.4369175066703872
-0.44152171532055884
0.8377694128848818
-0.29522243043188534
0.017359719318927214
-0.47326799310146384
-0.9971495090611915
-0.4949026918231685
-0.4639689978992454
-0.5890893305204927
0.5167364799480423
-0.9819558135087221
-0.07588207132522085
0.6938106236922701
0.7349446233518315
-0.4369175066703872
-0.8088448601311287
0.030361215984908707
0.5543932043088089
-0.7230318750905831
0.3261697081096768
0.5074497716393407
0.32738372414139993
-0.8200076063488682
0.15488326503632655
0.8926992995608642
0.5220810952082797
0.32926027806269387
0.44654833466238286
-0.5708736512041188
0.7757074016562913
-0.9911955422898282
-0.3829640713209317
-0.010413594056892128
-0.7919683630321721
-0.784478178925851
0.3484856304959254
-0.4777094935109023
-0.5083655563000087
-0.7436854740341095
-0.20740441677482546
0.7713104071408623
-0.43229269076197796
-0.6230944737807735
0.6070280497791218
-0.6289901091321486
-0.14875241817703833
-0.9971495090611915
-0.43229269076197796
-0.8861054326206732
-0.29522243043188534
0.849553836295756
-0.4639689978992454
-0.25720843055352116
-0.029580067287827694
-0.3829640713209317
0.20252117653312807
-0.6926922926400596
0.8134122257173175
0.3105951498852393
0.686437258563205
0.2375352776279398
0.7781856081791458
0.7781856081791458
-0.8088448601311287
0.8326605802206328
0.6754917665546192
-0.5403144606018113
0.6337791147403353
-0.4777094935109023
0.32926027806269387
-0.4399597745155792
-0.4724043181437727
-0.4369175066703872
0.5773754727897751
-0.7391505667255669
-0.058469348277049527
-0.6926922926400596
-0.8615134134556357
-0.4258117116486402
-0.4574676225760137
0.3633293663334245
-0.6035400261387207
0.017461798448444865
-0.500466452466807
0.784296664598666
-0.4313041055494782
-0.4313041055494782
-0.010413594056892128
-0.4800122129595381
-0.8088448601311287
0.6754917665546192
-0.5750048328227089
0.32434877724963607
-0.06174716353368903
-0.4631498374267071
-0.9162881710040953
-0.6289901091321486
-0.39322985363871155
0.44719144718789994
-0.9636919312745629
0.6301900147229904
-0.8615134134556357
0.30414339783041755
-0.4949026918231685
0.4497514326253451
0.47909600322244095
-0.101960757148009
-0.4800122129595381
0.1471886950798773
0.7862407038231389
-0.39322985363871155
