0.2034799822371618
0.2001064339220351
0.09426564804058768
0.8830610321496082
0.3728346743215829
-0.9978963914487844
0.205884503463714
-0.5103417902161176
0.20176042202528244
0.42635420078062336
0.44616095175437054
0.8718192946264323
-0.7423309472207851
0.6995929963018113
0.08557172026192017
0.3728346743215829
0.19750443572738763
-0.7976310284842496
-0.8984992920182349
-0.4558538519619202
-0.10166983002268815
0.5631078705871488
0.3174412727534093
0.9085151934766418
-0.7116124422209227
-0.21958321972967432
-0.49483885953000817
0.20936820575225412
0.2001064339220351
-0.28427621607001874
0.710207052253246
-0.02768541446519679
0.0178092069973792
-0.5900950105186604
-0.46249695738701035
-0.6923300092192999
-0.8874661200134826
0.27899014621924256
-0.5331261623484977
0.2632587468645853
-0.8038292812438261
-0.49260176101389863
-0.010174501879663067
-0.036874435026480024
-0.9959725142501652
0.5631078705871488
-0.5201692830945841
-0.8199360121231778
-0.20867108605942852
-0.6795482725798467
-0.22804543245754028
0.49538870228643317
0.9780492907620293
-0.8931924296356903
0.2001064339220351
0.2034799822371618
-0.5897984272948953
-0.90713717614533
0.9908901632978382
0.40850271806465543
0.9055340735531914
0.09200852593556008
-0.6506840466939843
-0.5733911641892715
0.3140688662203486
0.48859649580388576
-0.9978963914487844
0.4547910401424946
0.8830610321496082
0.9085151934766418
-0.8280433372639637
-0.5986732170576206
-0.14141851384502346
0.16251825520773444
-0.6952409490346829
0.5621532545209083
-0.5401632292779277
-0.6172355173172217
0.5623224310309882
0.9215199256712512
0.030302434308050463
-0.4795839952377614
0.6178228549700475
-0.5919484288744998
0.710207052253246
0.5575295265963613
-0.8694422224800753
0.0178092069973792
-0.21212613544538406
0.46836525177170873
-0.20702424535449593
0.8667547686389656
0.6666956791508514
-0.49483885953000817
-0.6059720772120305
-0.45887404524007747
0.039121517394201
-0.803735840575178
0.2279006578359124
-0.6664018095589836
0.6967935081276786
0.41386848212589333
-0.9324556346763764
0.648576946774283
0.5276628336440943
-0.28427621607001874
0.002395973424391018
-0.19891744671886613
0.8855935199763012
0.09426564804058768
-0.13985591103639772
0.7924122222302661
0.20352396128617833
-0.0985914803217911
-0.1212239711533818
0.16853303775988793
-0.1347651770774536
-0.47996845141428834
0.0023014221270958313
-0.17502891281265498
-0.7979353297502001
0.2839398975192644
0.20936820575225412
-0.16678312695841102
-0.5255313825820902
-0.3985549554069918
-0.8113178447837015
-0.02002410508585073
0.23740642517157973
0.606308472127008
-0.9356395474939254
-0.09074548364427226
-0.9991457049651515
-0.9991457049651515
0.8718192946264323
