0.7050446343755874
0.06394359496590973
-0.3103866061671019
0.8003230369368652
-0.12390147187669465
-0.8659494580103577
-0.863618448553918
-0.9143653293314504
0.008577974532419264
0.8168631597906166
-0.046907677743804
-0.3198658545684585
-0.03218074986117503
-0.9563958913506521
-0.09601965948285285
0.08049950589997379
-0.5574178714733709
0.6368052976177421
-0.13700618180825241
0.6773797658138696
-0.4998992031660088
-0.523395264248097
-0.34495704153474627
0.8374580970688197
0.30992829579586556
0.03831546561326982
-0.13700618180825241
-0.294769645437551
-0.7967457113922254
-0.12148963401639601
0.8577045352493993
0.5948754759993373
0.11879067502944451
0.820739838840286
0.5063423930486581
-0.6841578239405717
0.4647554436671919
0.20970054753230682
-0.7534977208542206
-0.793781557384577
-0.0038737900879031173
0.5787643440304011
-0.0038737900879031173
0.5566503971812788
-0.49070345034127616
0.6013941303782488
0.834323429041095
-0.44823469143349315
-0.6555072369916735
-0.8228124371067982
-0.6421910910276594
0.6713623087638743
0.011319294716134243
-0.4663486236815384
-0.8659494580103577
-0.03316622527962321
0.6978816215602133
0.6207133379081522
0.6115336966785372
0.5787643440304011
-0.9405976572012769
-0.6555072369916735
0.6717537072871029
-0.5027423081958222
0.04693030056731495
0.3201030745566964
-0.4193638288445465
0.20970054753230682
-0.5301580965064008
-0.8613911017749036
-0.3960802204516891
-0.1157100815719736
0.6685072287389038
-0.13415269085046133
-0.3637890031223008
0.3989873729566775
-0.893161553025303
0.9708340440046135
0.5948754759993373
-0.44823469143349315
-0.6421910910276594
0.8577045352493993
-0.8154412004075746
-0.03488368649842721
0.40919384383575474
0.4607223529937581
0.1598601031549134
0.8240692461935155
0.5973948473794708
-0.8228124371067982
-0.7879931785955012
0.24743323070271783
0.7586236368132302
-0.16870188927401197
0.7515784595060746
0.6713623087638743
-0.958913548819333
-0.08752510004443192
0.0001298155398916645
-0.8671105459049631
0.6025500543968951
-0.12148963401639601
-0.3144216879641464
0.9739576661295362
0.9861012723698417
-0.6732955081060461
-0.7534977208542206
-0.8425087690749793
0.6559774609866409
-0.9628155963057212
-0.0038737900879031173
0.4647554436671919
0.6825998853953008
-0.3607081563316068
-0.20169194840968818
0.6466437478684672
0.05487376817332801
0.19724775643336545
-0.6841578239405717
-0.8331896913650003
-0.7088418770510803
-0.3798303075482161
0.820739838840286
0.3830209012101653
-0.8095546738203416
-0.31252918500630256
0.44089762153897505
0.9249531985269059
-0.6076434552690881
0.5739424748084221
0.3320565600797176
0.5628447660267193
0.3806512362554433
0.5266527171010746
0.4404511128878288
