-0.6327562340780717
-0.645912180531647
-0.2049592029457632
0.06918257235748548
-0.1816354441042778
-0.37537186862197913
0.7134579307288726
0.7505969067598857
0.7824900055707005
0.3471436239281933
0.9119087469506575
-0.13095136937573137
0.9049849988294689
0.2915147687743045
-0.31825527645890683
-0.13450850957067217
0.18340689213678973
-0.8933865209380452
0.764222455510958
0.2944773376465719
0.8858114441191562
0.7500651898372728
0.37538929803523957
-0.7839559934082725
-0.801729351043323
-0.4439361288513519
0.8384308603144195
0.49606934269460057
0.9242172500049173
0.7283349872981391
0.08866988615129046
-0.24819403161926656
-0.7807597901698926
0.19629313541061766
0.40185104898394686
-0.43694637332372377
0.8912655044544273
0.2198967109097545
0.06635691955158274
0.37042332263209476
-0.5225248128052633
-0.9689778558286715
0.817971107405868
-0.8816885705539803
-0.12082163104470878
0.8595508851500344
0.08444591926323497
-0.3516050282481573
-0.937616879152964
-0.29258300325294306
-0.990779898054897
0.544617101123446
-0.7378889933758823
0.9606578080029862
0.043064690304158715
-0.8494733460448627
0.22613679664067665
-0.7042616079127026
0.5022585984317212
0.29981688071590495
-0.297456909997289
0.4017717340173561
0.25841366409721234
0.230179095530747
-0.7849410820421656
0.06868286764650988
-0.12406460132774444
-0.00031297305173350054
-0.1763844451671579
0.6021200337859955
-0.898019011412635
-0.11945376078282521
0.034207601769856044
0.34496972149903593
0.9832296221690275
0.9518660728860451
-0.24240447467345527
0.1726192078602391
0.640733305426322
-0.815188532084766
0.1382166355963217
-0.23118165101549493
0.9404566882512095
0.9502086523704985
-0.5995531696871097
-0.29010220251714935
0.43987991990949626
-0.0858980197741952
0.9195216278875511
-0.724464052587876
0.48001087597321956
-0.8495300324107418
0.00800012263152361
-0.4113012895523085
0.5235169005183895
-0.17939428571113125
0.04232247865836092
0.7595084281887108
0.1855807354454544
-0.6320128982557947
0.4140902514625595
0.35010949362765253
0.1428215941439115
-0.46361928904298466
-0.7512468140643735
-0.7583306617315351
-0.3348095555056354
-0.5357207300544777
-0.4569010087255001
-0.8525551706453622
0.5780051463299527
0.45791981100216583
-0.8749604820802452
-0.14490373610652618
-0.1907363742662731
-0.5660015655591271
0.748647628011571
0.3676678081640765
0.9055591297619776
-0.8814115068835182
0.35702710375987046
0.6729063791985024
0.6092222744001334
0.7603128871213611
-0.7024971176206762
-0.7427343809847107
-0.4027643107103158
-0.047167031466509135
-0.13763034833708998
0.9150817556976605
0.025195201143146218
-0.9359651344244349
-0.47367207104176257
0.4428769120556366
-0.1425671084850897
