-0.8028174439053446
-0.5187442277909928
-0.5129127596525567
-0.5813062975180097
0.36880012492667213
-0.5813062975180097
0.019836083306135954
-0.25509682281307366
0.5437476878887959
0.6377336103313067
0.10841494342957803
-0.21831626085002287
0.4722261634078937
0.2905278868682386
-0.7772601907656207
0.3926750639588832
-0.1167961533324351
-0.5187442277909928
0.3926750639588832
0.7778312569602097
-0.7889247409650266
0.7652189434051753
-0.870998094198046
-0.017508477631583697
0.4244787259136229
-0.22550771030232908
-0.5288335296848203
-0.1595930649685413
-0.367391647842229
0.10841494342957803
-0.7041286318685926
-0.11546520752837885
-0.56766681110952
-0.6932300174222445
0.7347489732274346
0.0010745350251841757
-0.4051035945293644
-0.8752582762251953
-0.7889247409650266
0.0010745350251841757
-0.14416417651115898
-0.055148124206176874
-0.7166541118058574
0.5585523997693624
0.8465964942390305
-0.8632061951360601
-0.22550771030232908
0.3926750639588832
-0.08785886603716064
-0.4136148681590437
0.29784178249452253
-0.781631614529894
0.4953969324941139
-0.5281198913825491
0.010179710789085528
0.0010745350251841757
0.4589006758271381
-0.47581551881639395
-0.49063476966382336
-0.09627981103144045
-0.6960661360589027
0.8696607858395526
-0.21831626085002287
-0.08785886603716064
0.999971411098699
0.4589006758271381
0.07081048714836946
0.12542760550321397
-0.8408754182388043
0.12542760550321397
0.7174007062308347
-0.7135595168636029
0.7347489732274346
0.7347489732274346
-0.5007512981914914
-0.7889247409650266
0.6653836086188654
-0.3573524682484621
-0.7166541118058574
-0.7135595168636029
-0.2674434373611434
-0.49063476966382336
-0.7899875735504469
0.7778312569602097
0.7174007062308347
-0.56766681110952
0.4244787259136229
0.010179710789085528
0.5803565260352934
-0.2459487258198476
-0.8752582762251953
0.6765788054320778
0.7347489732274346
0.8696607858395526
-0.3808859801931399
0.3926750639588832
-0.5187442277909928
0.7778312569602097
-0.7135595168636029
-0.09156294861387448
-0.8028174439053446
0.2805602286764166
0.6653836086188654
0.7806027339297119
0.4589006758271381
0.04897895534276553
0.12542760550321397
-0.017508477631583697
0.10841494342957803
-0.5537422460036545
0.3926750639588832
-0.47581551881639395
-0.07913839057059602
-0.09627981103144045
0.1562966316268457
-0.2999726786741672
0.7652189434051753
0.8465964942390305
0.09743720322768246
-0.7274380127808866
0.9137878851614971
0.8904166875209394
-0.008491877783962654
0.7652189434051753
-0.9554808359428182
-0.9199653450192078
-0.49063476966382336
-0.5129127596525567
-0.9695451564057278
0.029687027060721904
0.0010745350251841757
0.7019359136874097
-0.4136148681590437
0.010179710789085528
-0.11546520752837885
