0.8571582229400345
0.009015333402369485
0.756510732808688
0.5140452844007293
-0.18991393280408242
0.04650049096522646
-0.9684671942092045
-0.1170156809565217
-0.24146976824745958
0.756510732808688
-0.7816208363524646
-0.5151473974687064
-0.7035740459273447
-0.7035740459273447
0.5140452844007293
0.6717714937246198
-0.05171096500490524
0.37828857592422627
-0.9772130111979618
0.08826394310042796
0.6869687982254211
-0.7458157616560919
-0.04238723524389987
0.364123803041972
0.09405780266502406
-0.23742848895336
0.28382157785094964
0.8758261642932736
-0.280221633410334
0.756510732808688
0.10797613233833636
0.8571582229400345
0.8758261642932736
0.061627887832214956
-0.23742848895336
-0.16644534143388334
-0.3841386816357226
0.1252397368719531
0.21865055815202128
-0.5679307024911975
0.8023993547022072
0.77748655585991
-0.3841386816357226
0.5952386600130297
-0.18991393280408242
0.8758261642932736
-0.04238723524389987
0.7505788088172394
0.6869687982254211
0.6869687982254211
0.1252397368719531
0.5140452844007293
-0.38536503858740434
0.5952386600130297
0.5053692465638437
-0.9809370975824083
0.3387499700882397
0.2956383574313288
-0.04238723524389987
-0.38536503858740434
0.17881825646718097
-0.7193761871174842
-0.6607239616735916
0.756510732808688
-0.3841386816357226
-0.280221633410334
-0.48886223812398666
0.24133551533583786
-0.46783701617264706
0.2956383574313288
-0.9539274711387642
-0.280221633410334
-0.831416366753897
-0.24146976824745958
-0.23742848895336
-0.9620306819306981
-0.7193761871174842
-0.8286456472715686
0.009015333402369485
-0.9684671942092045
0.3387499700882397
0.33193482827641474
0.6617246053185868
-0.7912953446436455
-0.23742848895336
0.10797613233833636
-0.005107025741703408
-0.7154728234978471
0.3387499700882397
-0.38536503858740434
-0.827444243274154
-0.46789845947914066
-0.7912953446436455
0.1751452200947914
-0.7193761871174842
0.10797613233833636
-0.23742848895336
0.3387499700882397
-0.2891976329835786
0.8571582229400345
-0.9684671942092045
-0.024817478095715773
0.9139676659878622
0.3387499700882397
-0.827444243274154
-0.7154728234978471
-0.08587520629462131
0.09405780266502406
0.5952386600130297
-0.1170156809565217
0.756510732808688
-0.7193761871174842
0.10797613233833636
-0.2674860132117407
0.7999975862508713
-0.9876283253283837
0.969507131829983
-0.827444243274154
-0.24146976824745958
-0.7912953446436455
0.1751452200947914
-0.7979666337228504
0.6869687982254211
-0.5397627041051718
-0.831416366753897
-0.6823334833822483
-0.827444243274154
-0.18991393280408242
0.756510732808688
0.28382157785094964
-0.7897322682026937
0.3049792376367584
0.5140452844007293
-0.831416366753897
0.5847041992053268
