-0.6635051383558066
0.3524493060667473
0.7745548825406023
-0.8675023018592312
0.9380129881729364
-0.7917699492029362
0.1698471279652649
-0.3266630099069818
0.10773685081812578
0.11200704009422813
0.32357343509554504
-0.5127750453858475
-0.03376418918000801
-0.23846016374638346
-0.946288260419444
-0.9684519258784825
-0.4230639641724405
-0.7215861026965236
-0.6640180390010264
0.5359652290488064
0.18612213843688874
0.2135228509683853
0.3577479908393908
0.32531497673046417
-0.0649757854972215
0.18612213843688874
-0.8896114701845521
-0.20736796871046992
-0.4019543205823395
0.9563567986023185
-0.8896114701845521
-0.1629894370460534
-0.6024646900333035
-0.5859398192347458
0.08621031031928794
0.6241212462362309
-0.9983612957749164
0.40776829960276406
-0.03266513766867707
0.44206722931642184
-0.91246871959283
0.5457233856400909
-0.14587766815091396
0.641773000874059
0.9010952639613681
-0.7917699492029362
0.9010952639613681
-0.7968352069392093
-0.2687231365361382
-0.9983612957749164
0.9563689620329603
0.7576095929968842
0.641773000874059
-0.02514047325234703
0.9374485587163788
0.13417285892912023
0.815290418873708
0.7745548825406023
0.3577479908393908
0.9563689620329603
0.7745548825406023
-0.9527376129960887
-0.3266630099069818
0.9563689620329603
-0.3266630099069818
0.10238485922058493
0.6214895207414435
-0.5127750453858475
-0.7917699492029362
-0.5299346871532482
-0.8896114701845521
0.641773000874059
-0.9901728321588472
-0.6290753309343353
0.5457233856400909
0.10773685081812578
-0.04239348072436533
-0.02514047325234703
0.9563689620329603
0.11200704009422813
0.9563567986023185
-0.9684519258784825
-0.8363737497586285
0.7745548825406023
-0.946288260419444
-0.42806410183725196
-0.42806410183725196
0.2880622816662086
0.5001235205920547
-0.8896114701845521
-0.04239348072436533
-0.5859398192347458
-0.16487924403583176
-0.08576848012411342
0.32531497673046417
-0.7968352069392093
0.08621031031928794
0.641773000874059
-0.23846016374638346
0.1698471279652649
-0.9527376129960887
-0.0649757854972215
-0.5859398192347458
0.20872000965486803
-0.8896114701845521
-0.8896114701845521
0.22523247700709192
0.9563689620329603
0.2051784263148373
0.9380129881729364
-0.7917699492029362
-0.9684519258784825
0.7614019483587948
0.40776829960276406
0.641773000874059
0.3524493060667473
-0.5859398192347458
0.2051784263148373
0.9563567986023185
-0.8363737497586285
-0.6640180390010264
-0.9684519258784825
-0.1629894370460534
0.11200704009422813
0.7225179061062073
-0.4230639641724405
0.5001235205920547
-0.04239348072436533
0.6524927437208754
0.7614019483587948
-0.9684519258784825
-0.04239348072436533
0.9563567986023185
-0.20736796871046992
-0.08576848012411342
