0.8765079676398273
-0.4620417993353274
0.030308626052873544
-0.6001124570874707
0.4112325664163827
0.3339823866837772
-0.33514455451215697
0.27711365695108414
-0.056585926732785286
0.21990715767879587
-0.14979800413302913
-0.41307558376620257
-0.14057976848033826
0.16625980878520963
0.7368945924198198
0.0867716193748076
-0.9157679158294196
0.3566639269969969
-0.9486936141122486
-0.059738783888905855
-0.6645474072222242
-0.6525946567615137
0.030308626052873544
0.3948092904200615
-0.07080009856514913
-0.4620417993353274
-0.41307558376620257
-0.059738783888905855
-0.059738783888905855
0.030308626052873544
-0.33524623011128707
-0.4776646483097209
0.8371368275016113
0.21990715767879587
0.9881796998179067
0.16625980878520963
0.8765079676398273
-0.4435742957428115
0.5839378727451039
-0.7868587723074483
0.27711365695108414
0.28312522227016745
-0.14058098808051378
-0.6637341817411799
-0.7065250063655408
0.959866410750708
0.3339823866837772
0.27711365695108414
-0.9427893839717945
-0.7297845329610457
-0.3698083882591672
-0.38585922976624576
0.6341870586461529
-0.059738783888905855
-0.816031276884128
0.8671357217834541
0.8371368275016113
0.1190890801787674
0.7469382379251897
0.8371368275016113
-0.6001124570874707
-0.035378536558458906
-0.6637341817411799
0.7091947125217382
0.8999931719599947
0.8423382911426764
0.3566639269969969
-0.9486936141122486
0.18487629905187974
0.7091947125217382
0.1190890801787674
-0.9157679158294196
-0.04921011818534793
0.7162069900794625
-0.7810726062042355
0.9611450925856793
-0.7606847231742635
-0.39350132076540567
0.8778702916369552
-0.25119549898044435
-0.7065250063655408
-0.7297845329610457
0.37913749555458853
0.27711365695108414
0.21990715767879587
-0.42659307126069934
-0.39350132076540567
0.37913749555458853
0.3566639269969969
-0.7810726062042355
-0.7868587723074483
-0.816031276884128
-0.4776646483097209
-0.9312315193794589
0.959866410750708
0.28312522227016745
0.0867716193748076
0.1190890801787674
0.3928898654449533
0.18487629905187974
0.45552950085085886
-0.4435742957428115
-0.7606847231742635
0.3595440504941645
-0.6637341817411799
-0.9427893839717945
-0.8149413329476962
-0.7808314084311674
-0.5226485379215018
0.2120860121664474
-0.30396037510932383
-0.6525946567615137
0.8371368275016113
-0.4776646483097209
0.7234231022391875
-0.33524623011128707
-0.9157679158294196
0.7162069900794625
0.8371368275016113
-0.38585922976624576
-0.035378536558458906
0.7091947125217382
0.6341870586461529
0.7162069900794625
-0.6690508502853989
-0.04784170808042565
0.8671357217834541
0.7091947125217382
0.3069314923835351
0.7091947125217382
-0.7606847231742635
0.020004438404205738
0.1153395429202777
0.8371368275016113
-0.7868587723074483
