0.158406923122425
0.41373103069663264
-0.8350202844819377
0.1025494766800572
0.3427718621006417
0.31941515095597994
-0.42948731978045696
-0.4553786421638861
0.6235204170404296
0.7817346962625946
0.3279620095864657
-0.7408879303870557
0.28979621940364475
-0.7787792286616297
0.3767436716181065
-0.14845228965332824
0.03851553476060077
0.7398564117411177
0.9217095945933202
-0.956446622085984
-0.6487996684107691
-0.006847497509117728
0.43958448903951597
0.40473923970148773
0.6497861606843958
0.2851851803671148
0.0874275274601013
-0.8591879902359993
0.9927589537320742
-0.7632228589868508
0.2698506396948961
0.876537241442491
-0.7414588215461426
-0.17194485062830567
0.9853083430811813
0.6952178656219923
0.02318499038799149
0.3615948034525258
-0.7812214554493293
-0.8578154989719917
0.38264253358266065
-0.931451788662288
-0.8827071298011584
0.6607514515230555
-0.9413457748974738
0.3432228463113518
-0.950356705735456
0.39291066828272303
0.7802709533010559
0.07843907014983675
-0.6287754925776456
0.373971397117433
0.38336989034999713
-0.3101704127064755
-0.09574411402078531
-0.3333178658871794
0.8818203073463358
0.40572331312301246
-0.06956178799145185
0.38993629741541613
0.3347272658196623
0.06443956053356481
-0.4654813982393833
-0.7519071309564083
-0.05026423040105921
0.2597732967208435
0.45371758464575773
-0.39095939514085476
0.5171087417310061
0.8150548385998369
0.5030861639594184
0.24447635484917463
0.3713953398079395
-0.8017204050416116
-0.25307957860661556
-0.6647838630711078
-0.3294294828459017
0.4185225021003909
0.3360434443799425
0.4888417922743131
-0.1777911913742627
0.014685109430216281
-0.5415016017901861
-0.3148866822613965
-0.8034417950446735
-0.19531712594223793
-0.04023926539870204
-0.08228179431436367
-0.9750884885144528
0.9147226682190008
0.3771620837410625
-0.4250343520097053
0.5057049954790387
-0.6290446643585623
0.894779365578916
-0.8106033697289909
-0.5576865163083888
-0.7018911036844995
-0.2284876882971385
-0.9800650354705402
-0.1914642313825481
0.042137791696530646
-0.9775713265149939
0.7789148042701797
0.9317355526978974
-0.7849863938262216
-0.5913249985662477
-0.5465411588368692
0.1496724517581114
0.7617382768187464
-0.4662993254535466
0.29552463144363306
0.40089740906607374
-0.8672293353664944
0.3523164109521575
0.3066272080483903
-0.5283060548153167
0.3686102291741411
0.971416359870354
-0.2612498028900565
0.18075300623078738
0.03650065016363202
-0.5449425042344342
0.9641455477178396
0.3272454001220786
0.6884425743750449
-0.5520794664693254
0.12871763523369162
-0.11452351657364579
0.43196846218321516
-0.36447201209653035
0.9667755490826755
0.4860646158756219
0.40524877122722835
0.09810819804290749
