-0.8579115669239923
-0.4813648702805733
0.6777363208089453
-0.08091643271372262
0.6776741550984442
0.6918966154550525
0.9082176649729268
-0.30944752512319096
0.6274217697682045
-0.16696846850589697
-0.10736190164691761
-0.3377291264450768
0.9089140239447224
0.5328230818206952
-0.20428547180480794
-0.5079128749833959
-0.7568874046495626
-0.687452921641547
-0.5090711423785999
-0.3197066565892641
-0.24538784696786875
0.7205573610264773
0.8034300299978343
-0.9304329479834792
0.925052550907222
-0.20104455029228108
0.06699764454329471
-0.15649112756129968
0.4274502918844594
-0.1409754062776447
0.360151256124404
-0.699528112976922
0.8652855320378012
0.5359433045306732
-0.8769819259815794
0.9241236383115687
-0.020874896327851555
-0.32926255027442664
0.914990048949816
0.37872164741090764
-0.16517069539795237
0.3029210997483003
-0.34803336569672094
0.8340433922722528
0.33692672764842646
-0.5557386157815174
0.540840565648375
-0.21204742411587674
-0.3204320096910125
-0.40910793322020234
-0.47447847113385566
-0.9705980984021663
0.20791372741435232
0.5949760011865848
0.513432828394887
-0.4200450153766295
0.46221136071774627
0.4063661255583497
0.15377323239060514
-0.3858616558213135
0.4357331687922368
-0.1466933385265885
0.8600145677088533
0.15550364233673153
-0.24802511313174191
-0.7099380318982043
-0.6483585620244772
0.20338767806552172
-0.33911463037296175
0.38772787753940374
-0.14207023661418172
-0.5622742915271839
-0.7238596400635211
-0.6528832408881395
-0.5385324099132534
0.8105343891661176
-0.800130764866237
0.06386349150748338
-0.4542238242710268
0.5384477214428909
0.3945497104787459
-0.5057381568189736
0.9277231284120873
-0.11089339463397874
-0.8525400564411685
-0.5416190074276599
-0.17846881945362236
0.2916062460016384
0.13846099847093396
0.684920803192038
0.0026009545631962006
-0.6952560166317736
-0.46241359198649823
-0.984901102694036
0.33539789884261717
0.35570858372443714
-0.38797309044126727
0.6088854896958067
0.6213095927827255
0.002019459016610492
0.8836939151072025
0.5880885938330551
0.8155115717338473
-0.7782890583286834
-0.41157825226473865
-0.536055087650936
0.6799026341413885
0.9921367100742624
0.5797804286109192
-0.20880469830856763
-0.5822599935801003
-0.8580028335352414
0.4327899105384767
-0.5579819663471888
0.802863729859109
-0.30082982503859346
-0.6053167521047971
0.456820792806206
0.7771164352254949
0.19018908456691475
0.7295637894922125
0.5113137567837278
0.4487530915409257
-0.1313559137491982
-0.7643800763918502
0.7855761200740883
-0.583064846915287
-0.21462720906222654
0.8523991113292053
0.29838216678371543
0.24977067586675994
0.6175912855550372
0.23196580924122379
-0.4208326224801717
-0.2377412410724331
-0.4681382694116736
0.33748060992417517
-0.6563689894220763
-0.753403999789197
-0.27043730350949424
0.476599502736478
0.6312613225294901
0.776923057214058
0.2842736665727905
-0.5253720188495412
-0.5456483376856258
0.6526692963869014
0.07733899332831151
0.6845235661661593
0.4588371307147743
0.768293708048468
0.9002603132867701
-0.8340095689862648
0.8461099477857676
0.7539516951351692
-0.40501849464966444
0.893783918600884
0.8675142484698297
-0.48907810895707615
0.22934709637325645
0.38199973317565306
0.28926021008242064
0.13742152931730223
-0.9145857694425854
-0.6485555860561938
-0.2969629594603962
0.7336794848605495
0.6751207675039279
0.20812285048501122
-0.7671614680199887
-0.8967534023601405
0.23027412978216932
-0.3188574361732557
-0.10736987179465407
0.9410579971502475
-0.5848614510477599
-0.8869318508816435
0.6510018224450638
0.43492985335212797
-0.3639526812052043
-0.005014977808162957
-0.5394816691130357
-0.1984222485527567
-0.31374848362066876
-0.44755464251548305
0.6862452780472363
0.7167590331502385
-0.8881992561966532
0.9887671536947729
-0.8508940144474377
-0.16966890855697003
-0.34719143164259614
0.6449457022731551
0.5622182545632071
-0.8697075068446882
0.9711787132449996
0.9438586726543137
0.14044406863958936
0.11281013889316105
-0.7702732623301343
-0.17234700966826333
0.7997265802582583
0.38170364508118104
-0.5386443872326068
-0.566546618218289
0.5757566283032758
-0.7129473949662579
0.025202698161834958
0.5530679261957832
-0.45200216575722263
-0.4747144773679395
-0.41454431205527253
0.8037787463591226
0.32146111735193017
-0.5166622805576646
0.7781538155779744
0.5472906928466952
-0.8999829217958666
0.43765987685354935
-0.055264762241709287
-0.5589881008955839
0.3740333490297818
0.7577601432549623
0.5789563058878004
0.14893767065212438
0.28480478815571986
-0.36846327411821145
-0.4625545424397448
0.37921948732749966
-0.3665712628523672
0.6614924117104155
0.3235024759332563
-0.9342727711130641
-0.24652529293810632
0.9127844129859999
0.6207079057631351
-0.6328598477039675
-0.45273256414307195
0.11171741793253154
0.3847106742154969
-0.6187229335369191
-0.8510762856544092
-0.1901145815490961
-0.13024334378922564
0.8585276950028908
0.15086160293467343
-0.7125475721370487
-0.7518711207431241
0.4084202210268646
0.25322688285792694
-0.5635275931507429
0.9112668679587963
-0.8243641675460929
-0.21438690556921158
-0.43268230595338286
-0.07583778781613848
0.8162942889922709
-0.8576127327956258
0.30095304714625626
-0.3607118787782211
0.49305763993881624
-0.191158729246383
-0.4580766749411098
0.5558548250431252
0.4648940492731737
