0.22619434746404576
-0.8674551431206774
-0.6054105614224512
-0.8791405707724704
0.7826988577053824
0.4455923248233349
0.8600443505211162
-0.7562799897352239
0.21872598336731852
-0.24476362385032857
0.7890854105177767
-0.737017043514782
-0.13570258160820847
0.2461365232182986
0.9020246486290093
-0.6991820887583124
0.7795963378831736
0.07851660746566091
-0.13894954624177203
0.34039090159684315
-0.6180731586544423
-0.08856231759868649
-0.9314006795862286
-0.01720502725758344
-0.1284026809503478
0.9799264373298193
-0.5814813825278617
0.515743465061751
-0.8147614894794015
-0.37159281864165683
0.8477819058078964
-0.44324553151425383
0.12821684903707076
-0.8739077623486726
-0.2229239089276691
0.260083156734189
0.3830692281663006
0.707155699008938
-0.29692869916588105
0.794899915838668
-0.5834003476787568
0.09534778848309977
-0.8642135357784444
0.09281445281719658
0.24684831803900908
-0.38193040580009874
0.14330374337699037
-0.44389868671873467
0.024421246868592927
0.47728916654304365
0.47210610212432824
0.7567473681519494
-0.6300727185582764
0.689076748368392
-0.3819931701329864
0.19698048295424342
-0.44255712335266195
-0.2813138911127213
-0.3828819632174887
-0.5395303260625945
-0.17779024545681676
0.9143638366393816
0.42853442510397244
0.6519521548162392
-0.3344332576324156
0.18737164966355868
-0.1520705999946932
-0.30075852855364515
-0.10622800417858635
0.6747439403708368
0.3019198091175992
0.41852435233290963
0.5542512511118696
0.08581555048493028
0.7113199166992825
0.618138302568813
0.6254810330370091
0.7273059561594994
-0.5611277666296832
0.08980371758038341
-0.4670307454130247
0.8015416237917523
-0.9641151102881766
-0.1485618353994307
-0.053621949156014814
0.8314779842934328
0.8182089252126798
-0.490202183742509
0.14677550743289358
0.8571636762120711
-0.7783955271081282
0.08625975380488149
-0.04898848377872578
-0.852374580297854
0.8656978522034089
-0.5384740378198183
0.799518181348766
0.2164101026597487
0.6413790081793143
0.9203986889386613
0.3026784906402338
0.3321938003804472
0.7906239280963583
0.27894473242943874
0.03324247560045879
0.026800622151285536
0.05098957889726852
-0.47261007231962826
0.07761445749125495
-0.11161527064166044
0.39744712894234024
-0.672493986999535
0.7028473544246352
0.694537002627651
0.8144313057736914
-0.9971123342814567
-0.5342756846835406
-0.6803999467527406
0.0037025525819007754
-0.12125275675522196
0.7139697528413862
0.25454647074894576
-0.677328291517439
0.8246756553928853
0.6291949771740615
-0.003204069421796074
-0.7755389146436826
-0.7639301927957394
-0.8891128042760839
-0.1691743637785168
-0.9411550647980018
-0.8365379982202563
0.3685456545059058
0.9156963945852818
-0.5225601424761972
-0.5948283175943592
0.6064202855066576
0.07803109051305257
0.9730844981247895
0.13762897670092777
0.8208608545589198
0.7038793340785381
0.661629128691126
0.769732537355827
0.7017635647002192
0.5658262426981524
-0.004683301752550939
-0.7737213598261687
0.05257213614870082
0.8725722823159578
-0.9134957173830474
-0.46124791729713976
0.7197738522754022
0.358457835647058
0.9974847984354811
-0.22781142809780275
0.0684861359025517
-0.8715648973755954
-0.018434076886407524
-0.17816058179385896
-0.038391551968928406
-0.7821293661309321
0.04058823097717923
-0.853673407495348
0.15742233509272885
-0.05185152103688617
-0.9583733641990966
0.2896609728520503
0.9004340309094552
-0.8029018905353844
-0.5341026826129094
-0.3568325155232632
0.7108990063904395
-0.5010984366999214
-0.19780697601825548
-0.7040758828414437
-0.38890184817118545
-0.8671319469805712
0.4315252745605995
-0.26546799278855104
0.8079452562868039
0.9119503767266532
-0.41569931008583527
-0.7177972971870104
-0.05955311592819568
0.948234797200812
0.30394099585011913
0.522806519590663
-0.772134578898781
-0.13820338454227654
0.6603811113679832
-0.5777393513521167
-0.20411167947455722
-0.8778493515735748
0.1334542915107897
-0.6609163163007796
-0.6182114555437643
-0.691396703332714
0.41298925849721124
0.37677106645923497
0.4074248688082531
-0.012678638696984157
-0.3895689682142731
0.22740259859506806
0.34652057202681474
0.4531970941630803
0.9999583762273265
0.485924836853425
-0.11364889272815293
-0.11278473294589308
-0.759011704743439
0.09860967258868225
0.8121955353971329
0.4527055491686247
-0.08597827469560904
-0.26438617963276667
0.1362128758701009
-0.233526636990407
0.5437519887878963
-0.6493902724764957
0.6241822523497882
-0.25534898082010393
0.2409914881125903
0.29114464811735896
-0.6201951728007689
-0.4008961097759083
0.8327970605135038
0.8135831536350497
0.05080072637346
-0.35500153302712345
0.47570858817216966
0.5351598345788686
-0.20785538835202777
0.8913602248883554
0.5920105395763224
0.5328505115185005
0.434681183518989
-0.5772366167616323
0.15498649117667518
0.31386808084903484
-0.2847479916722806
0.49594035357871435
0.04927354752039337
-0.47759945325697917
0.16339699520541417
0.7984670590172529
-0.4547117162178713
0.4059725256005364
-0.21321732990109354
0.5382172703038937
0.20865684586910294
0.9929989998645288
0.02504961656862359
-0.8272797821431006
0.3321485428151605
-0.09004969214771741
0.5342688137073841
-0.3971300849831598
0.8518814480966761
0.8496082390022552
-0.6327496244731865
0.30582381565809524
-0.023823386444811412
0.29883033009973126
0.7565647228365338
