-0.13521772683599242
0.9496042585269615
-0.8451111495297745
-0.24448177940271099
0.8357493939205449
0.10978325484019424
-0.008546641176780723
0.5268998432498366
0.6832505195505398
0.5360216942112985
0.09025738053345789
0.7355456870068324
0.23229221447701054
0.9807360790248678
-0.7043058282651504
-0.21906155075343792
-0.5045704801558799
0.5050365973076676
0.9234773946961432
-0.7057578708595624
0.8751682638691798
-0.9219411725019313
0.036659939941598774
0.7386683582973153
-0.0949886329636509
0.9756267615268976
-0.5801321296891628
0.7556670467362545
-0.8504338707701771
-0.8603158765354899
0.5838316833330812
0.39939236596826144
0.6335328257153481
-0.7732545338018284
0.15476426082464068
-0.17970846364610615
0.4140642613292522
0.6108712853262459
-0.9015152357280367
0.6975450382396902
-0.3166823981635496
0.14717754961822926
0.396033425073004
-0.6525684221609203
0.24995293651937112
0.28537690109056
0.7936974632194229
-0.40916126394804286
-0.7601115218869907
0.9991877297854377
0.6084840007127226
0.3163693234593483
-0.044223601047908456
-0.10944168842229152
0.6837583659565742
0.3638343465064924
0.1536620161132094
0.8787653922950114
-0.026049857010495225
0.7184616329284783
0.6922711951936318
0.6895612530177984
-0.5743615602623149
0.05958178239141132
-0.9176099438564065
0.6692874138216565
-0.04580082412201225
-0.7172830874823284
0.9716263722812222
0.22444474920350466
0.07451334620885808
-0.36887569026659084
0.8606607367876793
0.797089061684088
0.6689626885284552
0.18930887917951833
-0.251834283044849
-0.2987993975166847
-0.18292266610346464
-0.6905612987788317
0.8799449706214517
0.30362163238881146
0.8980052529300444
-0.8937031566341875
-0.21751502920198607
-0.3891109304360547
-0.7805304248964655
0.9027233248940714
-0.6709571696967864
0.6575385421914122
0.07143718223899231
0.14287323154320397
0.3548530671140424
-0.6665109521032402
-0.6152163672136413
0.23000139442980938
0.8055937617036375
-0.17290226341697768
-0.2518075814758165
0.43993169513183417
0.4653336242607484
-0.8557278462539677
0.30639804371253043
0.26089603185279286
-0.9072968662351752
-0.4820819373604113
0.7410986512443511
-0.1700984060278936
-0.9748542922956724
0.7803803510027825
0.9341108770813951
0.38285692013077965
0.016619167439392735
0.91590539642493
0.6591204531510588
0.9254862529694665
-0.04690896400296496
-0.1516908237173027
0.30046224803357746
0.6721745779140786
-0.2694097660729313
0.24547181377310423
-0.5701992647475642
0.4136128316363381
0.7786424559320799
0.4323711413562552
-0.47232509171019466
0.9748043586682573
0.46494249434993473
0.2823149085017538
0.03565735743376841
0.4384427783248579
-0.9259055607386468
-0.9969341151622897
-0.5581541604788642
0.5167017262404321
0.22318817532197088
-0.982496666580094
-0.4473673001987881
0.26856294097636324
0.10201573555711207
0.6128844278628138
0.06745821048139211
-0.877283648348798
0.65341712253679
0.2963609875929867
-0.9349655843603684
-0.5451439870915697
-0.8646380959559554
-0.8018852242433958
-0.99277245356694
0.5028218362780936
-0.6349198243423178
0.07528065265987505
0.9233955278341792
0.32180754792844035
0.5510339117626326
0.1648899569853417
0.6199238302044221
-0.29712796204927794
0.014389948143300302
-0.551544670606797
-0.6438828586377041
-0.9215981049905897
-0.0681806091463606
-0.6584868117926914
0.3280974395588452
0.663990909116595
0.5768479706226308
0.735559796936698
-0.6815577329886866
-0.5250395008385969
0.061322486141157206
0.606397067865335
0.2569492269082827
-0.641857545985739
-0.7723027868769154
-0.5549707188853967
0.2902090002245077
-0.1723484006303473
0.15394119218833935
-0.0625706718200576
-0.7753705695793773
0.7176946649793179
-0.7420299372659815
-0.09714238865883495
-0.8941512541678862
-0.10133828209093698
-0.9427022641627529
0.8014085252428613
0.5178498377127396
0.5255960409732774
-0.8014403461614792
0.738933477369661
0.7943235135859836
0.8988577709999397
-0.2821644630468181
0.7810014023433027
-0.39926966824640653
-0.568774581629093
-0.7835265650409549
-0.0892959446292394
-0.9639557419126934
0.8424382967773341
-0.25006481935164704
0.6965901212334735
-0.08428966796518589
-0.5186509487157094
0.7807072739453369
0.006441562800588052
-0.8639459232478557
0.733117808224959
0.9673912746176416
-0.47106226810781315
0.39081320213569937
-0.1026708224715549
0.03464774593837627
-0.45092329297139866
0.9973227317934985
0.32472015288374645
0.04236850679800486
-0.783593574158485
0.2842721163353463
0.6981440514466917
-0.9985651417015413
0.8772437750879096
-0.3741329964221589
-0.623860972153067
0.8514257917486654
0.8247026495130751
0.9946771272625565
-0.2743789360794031
0.7483161996987908
0.019069499261325396
-0.4670861872390981
-0.7013392581787568
0.36838062663513993
-0.6634955025762124
0.7269313523833836
0.9366556478002908
0.8599851551665216
0.2578197711614043
0.5491641173617807
-0.8810335736454495
-0.4356863607537551
-0.711104275067544
-0.022280986547451365
0.5093269374579756
0.16176745563825734
-0.03803668941974747
-0.9204696378537296
0.04074288462828757
-0.9127213124888403
0.4676144725464837
0.8909189543165996
0.04368174292906302
-0.1758827106301073
-0.6071503974834542
0.4607393416205374
0.8212773660595107
0.7947967461173553
0.308364934396673
-0.49172046550096704
0.029105002559126625
-0.05856307735954025
