0.14489868615955226
-0.2959221373718188
0.786792062885721
0.6079431404561122
-0.8974827257938438
0.925324057269604
0.34341872208498825
-0.18674847381916848
0.40176714348853104
-0.4391821360745145
-0.40026442095497083
-0.39434797890492224
0.7689109405822991
-0.11429332790422331
-0.2938863273425403
-0.5672919697136478
0.04877828628143366
0.8452837101511534
0.31316343326603646
0.6843354491522085
0.7282627700578457
-0.783218346857576
-0.39305056351038403
0.033027129023048385
0.7536356463700986
0.944126452071675
0.04665428825288154
-0.4477732212861121
-0.3795938966540364
0.5286674034159857
-0.9986015657310772
0.405739109459198
0.8390553392394617
0.7300894538210505
-0.0188402786285915
-0.5514542452176132
-0.25928594179240005
-0.4867693060043987
0.9693981600776767
-0.11961509277592786
0.578166981609245
0.36893261988450643
-0.8342797273366913
-0.29294538820532035
-0.9820890224893934
0.21416452384636453
0.8202535427271562
-0.07152633597541214
-0.22069589897233222
0.6746900397941353
-0.2762927024288315
-0.9978738233059927
-0.1287270216587597
-0.8602312292781775
0.05280658016381223
-0.4913652857803035
-0.20241398019506263
0.1715822548943331
0.7985118881991788
-0.9024461908014305
-0.94450568616072
-0.6886439797430104
-0.6438700791335612
0.6940835726499954
-0.9883887562137552
0.670553887231957
-0.9521373453725763
-0.6951626582188388
-0.7727038418150642
-0.11203354855998038
0.38276969149019013
0.5030813021673157
0.1290386055851176
-0.42002169483773577
-0.819957122210401
0.3112377235902384
-0.14377498547881928
0.24793259374958088
0.24654170471693515
-0.5346267345590041
0.009869161131512483
-0.1731945031707498
-0.26584608638914964
-0.7601827962080947
0.008320123242602895
-0.04193377266306442
0.11785769129726043
-0.5831249535708389
-0.18748163382396976
0.267516558851423
0.1171811902776072
0.3010133184522932
-0.7632433550749813
-0.5281737291730055
-0.6538951041939447
-0.18420418839745434
-0.49144610015098444
0.2060054001016427
-0.8823732256171304
0.8785374406405149
-0.7562991414314706
-0.7401417720408381
0.852919099692816
-0.022353457402761734
0.3266077693354792
-0.9760836892759439
-0.7298621084480919
-0.741294409406891
-0.7489223069679019
0.44790067600327865
0.8176797646112586
0.15570888466618893
-0.41796846510003594
-0.6036686452031503
-0.5767282886542542
-0.42622048867174445
0.20927038785700458
-0.24588226113053202
-0.7586262451606989
-0.61033906481112
0.7096416877452558
0.543309356874834
-0.7012575358084783
-0.006597015765943182
0.44723631059733515
0.10528146935195815
-0.49199048544599044
0.8944117690874127
0.2656595968130744
0.08747575244248407
-0.10042957634985306
0.5354865814089531
-0.6581194219800808
0.8977864678244278
0.978983663310603
-0.9185642445786293
-0.6091134883258664
-0.20791700047557327
0.755070589929812
0.3420307197256267
-0.02311850398125359
0.2870403913662134
-0.914973068842623
0.80005810463771
0.879514839125991
-0.7688155593680552
-0.915765471317554
0.9031557136380433
-0.3259698901825736
-0.2641904144337852
-0.7404580173637458
-0.38926168365874414
-0.9369047554137657
-0.7873241300617249
0.019300781252830745
0.18637831043803765
0.5026352979778264
-0.5080292311766572
-0.9565855436567632
-0.6860225744642272
-0.7072948875142964
0.15253710251166908
-0.9330609353009351
-0.9682428979855069
-0.4353597396949562
0.6903972376314289
-0.18982840166578452
-0.8205071365671193
0.2552256530282424
0.4522180311766675
0.5912337443235236
-0.3790687547789289
0.04790321232268546
0.9398079114269169
-0.18063883519552415
0.09387932062509363
-0.6017837282136829
-0.1002084276898132
0.545132492781395
-0.5442165918405175
-0.4348346446578384
0.39126963332032005
-0.697704484428131
0.013302803517641903
0.8469644696406231
0.23383338163637601
0.17019452283852465
-0.1421415860368782
0.571231108891582
-0.2164250103223999
0.07701803255082762
-0.03641686023104951
-0.6841576221569294
0.8355744518688177
0.9239345153134602
-0.7345208486471613
0.7518465518768163
-0.17490037953882376
-0.7035421392802019
0.2792329174918389
-0.11132166017717693
-0.8509615207779369
-0.25300728714655696
-0.6838923753503239
0.163919963932871
0.9608947522741424
0.6496813573590376
0.542197807659426
-0.6778275364878517
0.6288992514090912
-0.35148792020488173
0.07739289515818504
0.01091545261009852
-0.26058849318056465
0.38462734243777486
0.6301044524069581
-0.6436500506265688
-0.2709957029198815
-0.4954014020495665
-0.9290235229886097
0.12440646883586104
0.19390409285597143
0.7005997126182113
0.9498165214392393
0.1658411682291303
0.8060110349067344
0.6753151118041483
0.023222608970565828
0.6817029417390168
-0.8052972803916216
-0.9057486590024011
-0.40223164070559014
0.49046435927526844
0.04806602577887831
-0.4635400563757519
-0.9336593732288221
0.9756095949879706
-0.30381596861951143
0.02753880890530591
-0.7318222209523637
-0.10673521024286492
0.981133610383844
-0.48913568185025724
0.7129850152496675
0.5314480314647745
0.3324614122028098
-0.5760401185941717
-0.14010757838829724
-0.03786852784298356
-0.9926558258503217
0.7652766012375676
0.5436975185631903
0.27250176649246627
-0.6469752944906269
0.05588626209388581
0.8219138613090771
-0.43709336833658274
-0.43107189671322454
0.4788050616825468
-0.7928405044595896
-0.4150145444743374
-0.3477024205522017
-0.43725865516513807
-0.5173542664752495
0.7763891697534802
