0.5012698050359314
-0.18104715088636314
0.8921058810426239
-0.9468917165661559
0.05984552862256587
0.4914713297227076
-0.6769041371197182
-0.6619669393204668
0.29972363583642725
0.6962173405568783
-0.9268373992515375
0.8227376382772393
0.18195535356143333
0.1779120798636924
-0.7838588910716893
-0.348746459610197
-0.5042788435477727
-0.6080142083010722
0.30077992058795755
-0.7949618464960131
-0.869339082631672
-0.5033758700139832
-0.19423342828529022
0.3464599042908718
0.14510231839838883
0.4072365948387242
-0.9348776607737703
0.5627472754821983
0.21546419424287144
-0.1786619553245281
-0.6181837399320764
0.531105323302546
-0.13144406337833314
-0.7067510282939253
0.07969482917606507
0.5402717133080657
-0.580142969434005
-0.695029115189431
-0.0004094892096286884
-0.38086715063477317
0.10373752255813007
-0.9394617496577355
-0.04896069265539893
0.9030302720481378
-0.49891275253310985
-0.514810655764089
-0.8506839110687177
-0.43897359073745745
0.06962499936242494
0.00921282912952237
-0.27565259229695194
-0.2693485949957206
0.5658804666509156
0.8822098266106397
-0.13686554448982946
-0.8515293613888071
-0.10854394500251963
-0.5999033605476092
-0.8351976176128164
-0.5048638429350791
-0.13021685100465374
0.5518501185973494
-0.011863323819600202
-0.24085887901819514
-0.5428259756751055
0.05265435962822873
-0.21551904466327154
-0.7551811793534255
0.34346247433737065
-0.3986881270415401
-0.07478346540016534
0.3230060944540414
-0.7901766504788204
-0.01620289218538762
0.761065022564817
0.7154249824202212
-0.5716750202531384
0.4085662903890379
0.28307645553518546
0.9893767362491446
0.6112332657692912
0.29804388341742327
-0.4898122205666089
0.06843777489472869
0.44480911374489085
0.14508713248602279
-0.40199285242857563
0.8076539027679657
0.39295230385029467
0.780653367795682
-0.5442576157526038
0.197632067641619
0.008784694801374782
0.4761912915426154
-0.18502274375155037
0.46738595304885555
-0.639896119914589
0.45843516466353473
0.7218771749077981
-0.49916330099915696
0.2478808180526435
-0.12527631249592952
0.9227031371254459
-0.9276024116788677
0.30948626899735276
-0.33016449518529734
0.6965822136936668
-0.9402954788327713
-0.5643409059949507
-0.7961630810342251
-0.8096335717399916
-0.8837650882869412
-0.6366378164436974
0.37751788936388175
-0.7944445831352143
0.38272928273939555
-0.5292326738627677
-0.26384221357397997
-0.778673886275155
-0.4318717014622082
-0.09927114465258069
-0.503823766555864
0.4445134308535974
0.8360954412114685
0.37613594253992266
0.737366866263568
0.53907745707817
-0.6587913653423885
-0.9678833867526266
0.1430212123220851
-0.24150286227084106
-0.8489493225817273
0.5860506331198796
0.6794244610255484
-0.2805977809730995
0.7874882801969483
-0.3151007003660482
0.6180120289802176
-0.2099651186588034
0.8196828321639851
-0.6706292082815457
0.28125912192631497
-0.15868194691493187
-0.09708864333678502
-0.04332935140797267
0.7532804844207666
-0.19079802748751318
0.10392304830565835
-0.7921421873211147
-0.09720079535269321
-0.5402830811949582
-0.6931496248217495
-0.05920745711802944
-0.4908579366643364
-0.9310349451168625
0.49790611560562015
-0.74023827275932
0.7173636415552878
-0.8617314553379762
-0.7039511077119378
-0.7430012378925976
-0.9097247446156436
0.7243104224509453
0.6374288034786557
0.18518705101912203
0.6562938062259049
-0.6071309602753128
-0.26654243627748775
0.15688525295070788
0.03364819511865069
0.07580758157458378
0.4142679856343059
-0.22051256524064833
-0.4635826501837157
0.24037609064354104
-0.2965981026836009
-0.6969426952543163
0.9578407015051813
0.26190648297662045
0.735649587124712
-0.7893568654105467
0.9401657608475962
0.5290362307106615
0.33462174065925776
0.622613696541046
0.7598672226256067
-0.6793667276346944
-0.6977881739946064
0.028534311869131468
0.34271077112192727
0.9603087601436433
0.5392081119266117
-0.6971032635982661
0.8692668661153078
0.5945704965769953
0.18266022029060358
0.9601562566591457
-0.44014275432364114
0.9005123262085013
0.5108594967284079
-0.6272970510685316
-0.43442211004574616
0.06485649597090237
0.6923885095324973
-0.29230464731673256
0.6506155001041192
0.5046840937475343
-0.8752524140007361
0.6571177559998513
-0.34550522497286007
-0.3425106963506237
-0.8308240730292253
0.4290598410605959
0.9351560250369517
0.45874601265495274
-0.2925979129176619
0.4001546861250649
0.4351887052617138
0.25115647132646113
0.038007836777742776
0.6763623593803387
0.807360590588212
0.037285950934784706
0.3424588614416535
0.3770130131825169
0.42146341342618454
0.3551738801942881
-0.0928479680251546
-0.17920108077514119
0.4304818740600762
0.06174505467655789
0.9898337523636616
0.041223395628277926
0.28702406353284604
-0.48378734292879155
-0.992376847040142
-0.9738713774396992
0.14274536129583115
-0.37863378156022276
-0.018163318229390546
0.4557813768605621
0.03561177018394557
-0.6069047770766933
-0.08157942018697728
0.4772915718165145
0.475077271361944
0.08034833935656938
0.7337084112666636
-0.295505300371784
-0.8763969185170293
-0.30875301326119353
-0.9483379080355068
0.9294410625018561
-0.9913157483898525
0.5984464963440552
-0.5436140288724269
0.1367488897103244
0.5511604103448642
0.24246500810507698
0.5464608546293388
-0.583143340364217
-0.08887205615697535
0.5867312141093086
0.6157710993213639
0.33683805285339474
