0.9691756516158578
0.3231459724396195
0.679942232206471
0.7055611199607201
0.2899587554747056
-0.45805301591967273
0.9379895928041748
0.7853293185172177
-0.5617133420636611
0.3020658973297725
0.4386929075985724
0.6642528041112974
0.7685390256651319
0.9480463425172245
0.4073619161904847
-0.224554624535227
-0.5482680170182139
0.49511441683875557
-0.3854981865425293
0.9808745639563172
0.39306758034965883
-0.2272753035551922
-0.7132825760508972
0.12047172782731086
-0.3999895635778228
-0.4748006583164639
-0.9285738929790432
0.01887985719925145
-0.39418488846393607
-0.07620025329108082
0.1604666268760968
0.00487731174852768
0.37774742901330005
-0.4431286149093969
-0.1422201513834398
-0.005417033798005955
0.9754090139504479
-0.48335101121444346
-0.6132759764503923
0.1297200319166718
-0.4329017980938479
0.8115515936652142
0.7386959792202539
-0.13835970021377642
-0.1509679008810243
0.47233021723273994
-0.08012734711987357
-0.29769188255017376
-0.985873405386779
-0.07710175094378102
-0.856443292913829
0.5524647176415045
0.19257880649403325
-0.28111418503670405
0.5558558235045581
-0.4863254934951107
0.6614408109741636
0.02229055307671035
0.14640775622212354
0.6215286595913081
-0.4669782234658637
0.7795997108421482
0.330083129605552
-0.6427070121815046
-0.7209329203561312
-0.8224626423309807
-0.46513990910621716
0.2739577723072384
0.14370851942309182
0.12809582543810238
0.12424008213581561
0.7218670311711581
0.5819769975173066
-0.9297355652710277
-0.33233214669792766
0.8477274402417452
-0.04756848789039547
0.4913120728182794
0.6700797816171
-0.3912080668580493
0.27567123479788136
-0.06440322448999725
0.5886522579765645
0.6203127503502694
0.7084846208400413
-0.5745605819581758
-0.3266537450233922
-0.7693925206458683
-0.738228180842764
0.3746181183706405
-0.7897825593041294
-0.8565291384239835
0.4910911802246931
0.5876348306292871
0.4000184523529706
-0.620462198281909
-0.9845454199839301
0.34536042814794166
0.6949747771359216
-0.5866257682820566
0.6077536835535062
0.0627278058607994
-0.9482188878884128
-0.179670019723831
-0.30039473867724875
0.06224591631477128
-0.8634981824119845
0.4796577180169552
-0.6966341898343094
0.013333756409045439
-0.47408732077750027
0.07375399783580261
-0.6452722892952834
-0.5523913619425769
-0.3315883708230192
0.8520974259638481
0.8406002917741937
0.33818240179401315
0.08438000150118441
0.13807650053930476
-0.6988333947676086
0.10833085815406762
-0.44347648203179024
-0.13529781790883244
-0.916017089499769
-0.8954888511180623
-0.038715286188793385
0.6557284779298156
0.20193130110942614
0.46850576858690784
0.2623141046535775
-0.22643134012732546
-0.10423635053556568
-0.46635929358267947
0.7190414623787189
0.08060399995451983
0.2539668697121664
0.16718203774229567
-0.24989353733464692
0.8023271729884343
0.07368348791503876
0.1297678440554879
0.9222384005903332
0.7425016564890199
0.1143946766324706
0.00840784021153973
0.0031485961845785226
-0.10242625916337333
0.677439218761587
0.7149809075649116
0.5576910804505528
-0.32956744513379665
0.1536549332361794
-0.5858580403573492
-0.3421643060246926
-0.917014685226319
-0.3846334584089912
-0.7830437397140939
-0.1197638916246011
0.5665638560450776
0.27004688902112206
-0.6949033006566878
-0.8308708000577081
0.2352491956291065
0.7161866889318718
-0.6638311517001265
0.9774608953518087
-0.19255362821150346
-0.7920187244824939
0.8202549766288258
-0.5738993783628172
-0.9386388083711217
0.6433870426865491
0.9471352727186451
-0.1272578422673989
0.8271597533031192
0.7039185533351713
-0.31256546379043626
-0.5900141375762489
0.4814222477417527
0.5519305482977566
0.6282319875804452
0.484533244851554
0.8169778020165439
-0.7103524164507755
-0.27661442449599427
-0.7575820212725779
-0.8628215329998701
-0.20863846408023412
-0.9256297732169192
0.8044567586759006
-0.8674765230662396
-0.6215988396763339
0.9916743811961437
-0.2688909900524117
0.026280819727759752
-0.12520704669720595
-0.25436047223368785
0.22908627539620596
0.8910886031488163
-0.6144199601706106
-0.5943674748599752
0.11126228958097029
0.3992905035113805
0.4020563533008872
0.7959905247879633
0.21961940130762692
0.9383765432340068
-0.5039417055002904
0.5257255744820075
0.45179802388610635
0.7170684981729627
0.6469761984279525
0.3064253149128646
-0.1969991936834501
0.6862558441076283
-0.4864445087277285
-0.047272296613738884
-0.05790683501843019
-0.8576124401405261
-0.0628999188480277
-0.912729339338737
-0.3739837732308988
0.5838113981014725
0.03757073560455293
0.2366321801992637
-0.7151683421360282
0.8888307980133248
0.5908392901861073
0.5529953848946041
-0.473221107345253
-0.6727974604441238
-0.5857715662376721
0.975066840997455
0.2659465647831476
-0.7546757461060654
-0.1273508822802336
0.6104702121645431
-0.8346863217383329
0.6988536849815312
-0.7140219821065783
0.7447863184452714
-0.49550639750415204
-0.8624608941294174
-0.14176288759704803
-0.8334992241313741
0.39726978693209447
-0.6024102506817945
-0.4804344808048393
0.6998287854081344
0.9413728984930834
0.5884515796577616
0.19982311698265987
0.06766763020669142
-0.2703410360594365
0.3513507910202929
0.2868112331819823
-0.23216906846602292
0.7997755540289253
-0.1515428850650915
-0.8897967795916513
0.45252259091646985
-0.46591408614329266
-0.4263771521901554
0.9319627570090214
