0.8766325284887575
0.9125639181634089
0.6799520381444328
-0.6492279325880395
-0.972966261990287
0.016234472273594536
-0.22292990638678312
-0.5227005856698606
0.43682617398972967
-0.895917045387584
0.683045697405543
0.6541240675512847
-0.6997880227866007
0.19655730131981097
0.6879151226620634
-0.8646589580706778
0.7864702521640434
-0.08925068256516111
0.7153072826001541
0.014884900739482454
-0.07149346520825883
0.986023814355329
0.25710776965947235
0.42229535417039465
0.026343265670942362
-0.8389135118840134
0.6865656316367998
0.49999992143463245
-0.3208274569734346
0.6581910178890089
-0.007648576794667461
0.9927521291278227
0.9282820002607926
-0.46614351946061117
0.783766429647377
0.8052899062912993
-0.8079722707328447
0.7556176397641741
0.35060716086785315
-0.5886599301160047
0.22523340136970904
0.36607592607770134
0.20900384456861132
0.7330266503416316
-0.990447272557694
0.24521790665774867
-0.8612331447354618
-0.2379459792040488
0.3658373185695687
-0.3889146574733966
0.7387952099154962
-0.9778287144241604
0.011815197437759384
0.6791193530932345
0.5681612939780312
-0.166652904258757
0.6210444502783992
-0.8180614776475377
0.3292179444854615
-0.8083966334784516
-0.39714011720517717
0.7715948160184363
-0.9634501687047252
0.45751394226134834
0.31845619942223524
-0.5062886135111309
0.3874192961219507
0.5372549674151343
-0.03151460294440511
0.2803362590517757
0.7012564860658341
0.8272709628636685
0.6792824165129125
-0.6818030854642865
-0.9396169168245461
-0.221214810245705
-0.9173594153213929
0.6881735236860083
0.4462122339869956
-0.18577945833690213
-0.41971510681222934
-0.09912319263234326
0.28742625499243
0.33516701762450696
0.266193632954681
0.00839894276629427
-0.42084688263753933
0.6612986611327578
-0.05136323017858957
-0.4797901547653851
0.7391401543475116
-0.7786435702691739
-0.6018170112439227
0.06902170220858017
0.0027937803459365806
0.046303725128599815
0.45681744224489984
0.0326408242610281
-0.8523265181060238
0.215266786437029
0.40052285841238167
0.006268866448920329
-0.6552403556910376
-0.0135521703824113
-0.3096864007475477
-0.1613427887628036
0.9922134621301062
0.805850181432487
0.4605126639837429
0.13103274546191135
0.7298948877755898
0.059016173759466106
0.604283548616404
-0.74951265984602
0.6081366680120988
-0.08943281919369372
-0.8955989431482194
-0.21995900104374
-0.3861604051785694
0.6412388318720559
0.6800257977362667
-0.015148570881841072
-0.8612897782656141
-0.8034169152313908
0.6925538044189727
0.6642675855232754
0.0711791427855002
0.01625684478620748
0.21508770631620822
0.9024877970178868
-0.3407836648701983
-0.42976647393398326
0.9812634602469295
-0.9316149314110223
-0.44426582138963555
-0.5056872286833982
0.5190365147669209
-0.04884574272619657
-0.27404275451652893
-0.15073491176461062
-0.7893356047154336
-0.23112750450683062
-0.0683853664256786
0.6875101047916417
-0.5414232622470265
0.3861115728040232
-0.8615445713676706
-0.7205951801204451
0.7786202660980317
0.44214052054203923
0.5610332221185073
0.10194601636257938
-0.6701220131217798
-0.7100094366762992
-0.17726326172925733
-0.0961831212753419
0.8949415713790347
0.2452467375688583
-0.012256723131985892
0.723669188387952
0.24066471558449365
0.41018593055054176
-0.2461603859088899
-0.13366747669287204
-0.60074322349905
-0.581504675342728
-0.6395755972338226
-0.40510915354457633
-0.39021555572418865
0.9168885244177127
-0.15649589135592934
-0.5301445964651554
-0.8709050318489615
-0.9196120195605753
-0.6420882765547784
0.5452394438559158
-0.714435604298481
0.4618596555094856
0.43835541849050363
-0.03487190693795794
0.6510789079344677
-0.25813592883042213
0.3779910990146158
0.6700344127098103
0.7193902970592594
-0.28463892197024543
0.006047168043909146
-0.6848511477032804
-0.3552424172007891
-0.31594683598695505
0.5074891488864599
-0.607603438033246
-0.2751116914019869
0.0633746466878291
-0.47993890553295016
0.13735775353157575
0.596690902253882
0.733739888040531
-0.631374185461071
0.031675129459736606
-0.07150508716926529
0.7270022219000547
-0.257311396415675
-0.5502338690462276
0.41785412319134396
-0.42326861488690004
-0.3715272967487786
-0.6202183289950018
0.5860292064826216
-0.33049173382207897
-0.8347296542319431
0.30671153189603917
0.8732403562813971
0.24481272602033455
-0.5409366066540549
0.22641076825271278
0.5575069447156169
0.08137012397824561
0.27288946930940083
0.9851634180139928
0.7124545585779298
0.9832627159140419
0.6881466693813907
0.7858935240725113
0.798377292809249
0.2013172461756778
-0.8130499615975741
0.9865967680800116
0.35861841088037094
-0.5772265297434003
-0.3016136556313469
0.3052230081392555
-0.35428355605362194
0.44542270390692673
-0.11236422543143898
0.8576685235377752
0.6877617548159423
0.9919804936668164
0.6279179144870475
-0.5812819893607608
-0.9960346066963064
-0.6112821167873095
0.07125382810545844
0.364087000853061
0.3533949473590705
0.7673397250441054
-0.42432181207696185
-0.4386011704777244
0.6874055273789463
0.8330309973206895
-0.9365202141079734
0.22148412287752084
0.8673031456275888
-0.5505322046757528
-0.9118918666849836
-0.5264937284382047
0.7438310569417297
0.31550868554800915
0.8685754100182592
0.2523113536245276
0.3677720183222455
0.916240840405129
0.5351557035089669
-0.6454386363871834
-0.21466129680524948
