0.5833516357379422
0.8170066524317654
-0.6419897023218075
-0.91213452539992
-0.3959148417762386
0.7506834898062107
0.561315420852188
-0.8875470392124476
0.2752508611145965
-0.9091076238985838
0.07347011795660596
0.7432955584633554
-0.9635504484868671
0.38718548494140004
-0.10782222441534617
-0.8726687358357512
-0.5389499525394343
0.6394481699640029
0.5308537891962555
0.8825629064069929
0.4532887627079527
0.7649095198738136
0.12024342529621057
-0.9828633172708126
0.7344315044217353
-0.2557589016172028
0.5842820240687701
-0.37074144423171673
-0.6143857809240998
-0.6187685663856795
0.9823706193427024
0.29521147973577855
-0.15247780587217052
-0.739708459801943
0.18899749885221806
-0.12443948069456345
-0.5698149781352726
0.40733378147165444
-0.09049142767937446
0.9124126806964215
0.6594201314512478
0.938913394687884
0.7033685845462643
-0.5750926698026897
0.6712310028613351
0.4440319911899997
0.5614265739759103
-0.049222567435037945
0.5042653101385084
0.3126310900354363
0.7903317943180364
0.256506667416204
-0.8279820578851866
0.41867833304990953
-0.3265321110126338
0.7975704501639529
0.9250262305239305
-0.01668142137136419
-0.702005220762302
0.26707737427507805
0.50097073406399
-0.5771985797039236
-0.7235306142344586
0.6577766365080395
-0.41533180372275313
-0.8686595340905254
-0.8868442784576416
0.8968020400617678
-0.9417265301492201
0.4431497654969354
-0.3083797104483956
0.3605306465225071
0.19329445166135506
0.1000637097561321
0.3547991469744838
-0.7945910585820071
0.49684685337042067
0.6122859922946533
0.03577958199081532
0.4869508249586767
0.8994944152481306
0.6803121260784424
0.7804494380215616
0.40686371003128974
0.8229633635593934
0.20586019876199613
-0.020827249636136802
-0.6804587850267818
-0.9320778029375498
-0.5190708357157834
0.7260837217227492
0.7606887849741024
0.37533059676734704
-0.7385206757507001
0.5334715392022498
0.7061877345853793
0.17726408897930201
0.17271261110685376
0.5218460975745964
-0.6354206477288238
-0.9660597689853672
-0.6794745858963769
0.22389307302932493
0.4472488529016432
-0.23861601524930154
0.24340788686135917
-0.05006444129993004
0.07118750092811443
-0.5411814240474273
0.07148168894884988
0.830347843415759
-0.014010200110571303
-0.21271669159779405
0.8944997041331093
0.7926030678256295
0.35354912340933464
-0.8505437163500564
-0.344549233263612
0.9909474029229615
0.9616578605090518
-0.13553047219250103
0.43288529733763914
-0.9949408756383971
0.38954188877009366
-0.40822271821986855
-0.7654761242247945
-0.8839669560281445
0.05591023303579723
-0.604227150639904
-0.9645835092601909
-0.43046943972700413
-0.837372843075008
-0.14787499345178756
-0.06211571142766825
0.7185619224096866
-0.7032520986185509
-0.32367315442939937
-0.639938504912033
0.17392409875279902
-0.09900447839362947
0.28390690817400244
0.09820289205492605
0.6850367707650853
-0.9587478972306578
0.08633412397583573
0.7016008263357321
0.8407225088049906
0.15827831126450898
0.9982447127418426
0.521370653034801
0.022610586871911087
0.28251319422819954
0.8913505839113385
-0.9009890167568142
0.0778732985621966
0.15295331342446383
-0.7258362049504843
-0.212543787764766
0.2869413777305414
-0.36319994402737477
-0.26703179329999616
-0.7697433680840549
0.21027930147441198
-0.288356914821855
0.21228664713638556
-0.6054115541382199
0.3122868950148592
-0.24383998504756366
-0.5133692997898536
-0.9403611247006503
-0.5204174191052435
0.9717148876437622
-0.5671343861084401
-0.688021165150944
0.5830346592087305
0.9524184169825152
-0.7050835903355761
-0.152989493499609
-0.47452047396265207
0.819486367602098
-0.4538407725999787
-0.08687394447700392
-0.3219446104084731
0.03541065134434773
-0.6612870584020449
0.20208126141007776
-0.13992745802358697
0.39734344044225134
0.9977194515397516
0.020912307805367902
0.8872335311802901
0.4216707848503807
0.7842057096141248
-0.6247587356706716
-0.6745737190150038
-0.6448266263653684
0.7220433370603168
0.7687668492817672
0.657427473174685
0.6629384500855349
-0.8590343227495736
-0.09034891240366227
-0.12147088658367511
0.35847302555310634
0.3565306808786297
-0.9285872799771626
-0.5330120488947954
0.16674923367127392
0.8648735140393728
-0.8205024199344944
-0.9772885458280218
-0.5493216778142196
0.4882825375147224
0.7241510246535896
-0.16244353336317507
0.5197236032148145
-0.2157191518027155
0.9827451879411793
0.15938636870865852
0.12613274899720706
-0.44037083423849577
0.6294902707743963
-0.5162294814095196
0.5661396514963222
0.44050261439851224
0.9883579329813248
-0.5599887408009481
0.040488810502204764
-0.40759705029001125
-0.03534923305801829
0.04031534780777912
0.784849305555736
0.03641049974925914
-0.5251737884454963
-0.7145956290768645
-0.9097203945667753
0.840574221653668
-0.354559826489278
0.3689907514685786
-0.06463042798359053
0.524190916827362
-0.6160910389752037
-0.49859616827734565
0.40709493714878
0.5746215394648388
0.7718305890019663
-0.5072849149749845
0.010311046424566594
-0.6082991009245595
0.6707658680711956
-0.7504600787181597
-0.5673156676992539
0.4223788696870032
0.08293540832827717
0.9617685099014406
-0.7019082728809574
0.6869943450949489
-0.3902407324098318
-0.16350410718549946
0.7899018324444431
0.05641835231484138
-0.6145127096756293
0.017821093281428446
0.13362980211651165
-0.8124115759007691
