0.15308903954608222
0.20316013630572316
-0.4171798813786185
0.3337380749837191
0.8836165346883009
-0.7132749246580505
-0.05014428375475122
-0.7823954943489302
0.1449465945760442
-0.40267468788236527
-0.8160677133503877
0.07347462859160037
0.3271049115561837
-0.01852237207345553
0.13252877762189064
-0.7742371885072008
-0.5753676007455035
0.5891497374231103
-0.4086658757138273
-0.462460495219182
-0.8068290632181259
0.3394087411604523
0.20523277822919006
-0.6151499418653774
0.15232742313452774
-0.38833123380667
-0.9902388417354033
0.1026004189212788
0.09739184245923993
-0.5072941035476604
0.6990182886596392
0.21280776606762486
-0.6324096083143036
-0.040982618543889515
0.1589985169235011
0.930821595035149
0.8292374278072319
-0.6797562614434054
-0.26299751462770815
0.9691133937245469
-0.848535778188787
0.06848307620353689
-0.9477163994812545
-0.6578986418276791
0.38465389314234777
0.5705015933307713
-0.9585364356007513
-0.3002927420036994
0.5445536747578206
-0.3422680392897446
-0.4838886621875378
-0.0026720905593387023
0.9004813572671717
-0.571886765369036
0.5570249333417578
0.4642212705493136
0.22782044166691562
0.8055592692770712
0.2297894817173105
-0.5056429659067658
0.09180319160935957
-0.4765007269645787
0.19460456212466704
0.521531859186408
-0.9973341406498364
-0.1635996774059707
-0.5245773434600765
-0.5469653142105502
0.04581341404439665
-0.9931119335932943
-0.632315413368747
0.28501818968498793
0.9017824651759163
0.30329656013708006
0.5030740216151095
-0.19009827103008758
-0.7010051582924275
0.3482520579441588
-0.5036603540630895
0.7889625324724656
0.06912017108023272
-0.42348677167922655
0.7340142006635375
0.30091901448171754
0.08311137640820787
0.11165581475268649
-0.5253148824051828
-0.9195204186147781
-0.8641766461792666
0.45119436204433017
0.7480586137066705
0.46841018466058126
0.03259120880967781
0.7559471646053888
0.9097674200873693
-0.18890306680346836
0.6876790613456862
0.9978141292106921
-0.6509935349108811
-0.3613085725341707
0.30990899431121943
0.38311745904757055
0.7429752506818785
-0.8665999047429165
0.7213563331441777
-0.9705162752699761
0.22137907164662618
0.4099023767235428
-0.10284992097669532
-0.15663299732427727
-0.05028013145809962
0.2777185881210755
-0.0771234096126725
-0.6965657227497863
0.592874399126849
-0.5653529273518196
0.07144750392202037
0.849318294029435
0.819895292129625
0.6850516512483646
0.05747985127682109
-0.32210772266401433
0.49159332976029146
0.15841192781982283
-0.44350354130328973
0.5074885253540389
0.6753183881708742
0.6601316478171231
-0.9021149953507219
0.20491716190075637
-0.7970328907990758
0.6243077561077399
-0.9849400739272163
0.4831482554640534
0.6860562319670955
0.34221591808209206
0.01615786863308144
-0.7960502039420052
-0.17751950007742745
0.7607042431985607
-0.30145731193260894
0.2629824870660735
-0.9210099761498807
-0.6172466413411122
0.7546594649915528
0.7259685253582053
0.0412899724567144
-0.9317084582630801
0.9974022395485949
0.51604113290877
-0.7948061327842273
-0.8241575413132185
-0.5132003275258483
-0.9179973720954373
0.11022243719567881
0.6806329878071724
0.644178465846049
-0.851047665900392
0.5028623264162895
0.8649113698159219
0.04699585121358818
-0.7752849106567143
0.14425805243979584
-0.8637198427692419
0.21485057169891109
-0.6697108722041072
0.8588430270709524
0.9526554002376135
0.027012082734884313
0.3420931898832553
-0.3079064816591479
-0.15223705833086032
-0.5637783196050914
0.4798144822872594
-0.7189456692774738
0.21555395467514638
-0.4280682468553809
0.039407796633619485
0.7997569714518769
-0.8242109212911304
0.34659875201504975
0.7614051199698078
0.564709191072539
-0.525837428384127
0.010094820305958097
0.8868993447017759
0.40642907553791674
0.7520379173141929
-0.7231168430580042
-0.9614378061404383
-0.4394086469472911
0.2829129617826358
-0.08160854294018471
-0.6395144144380696
0.04914547949465575
0.9191663748741772
-0.5883525946844677
-0.7423227377535249
-0.22115598224322164
0.15983246869808077
-0.5659256657804117
-0.6780092042372505
-0.9048628948841004
-0.7802988369508095
-0.34970740084033247
0.6431331063783319
-0.030050044314126723
0.615020921198649
-0.14672074921091482
-0.4730630449402973
-0.6767392910875862
-0.0402450198630131
-0.6734242885837851
0.9646126572399614
-0.24660289551131642
-0.7122915930472904
0.9433287321105506
0.2660032106820187
0.7732892097855728
-0.27666720901063724
0.41701967690457176
0.4203265625195882
0.08725560175110836
-0.03374332990646223
0.04515497891172249
0.3993556671506784
-0.18261825350990568
0.26563179677816673
-0.2764508872904472
0.23182654839903605
0.6436332470375399
0.11389441585841231
0.13817656811829115
0.21198368664093037
-0.5583693316965495
-0.2958108888180646
0.7849028241904776
-0.0636205649973165
0.24101537431423736
-0.38546164019718354
-0.739180334842755
0.2860304559900504
-0.4387005280341034
-0.7697434205533891
-0.049006753563622274
-0.15938949772471234
-0.4859457987768705
0.26008842491676654
-0.3115195572563678
0.08800935660464582
0.45280171191992413
-0.9383310594973604
0.09014299311903784
-0.2636877534440747
-0.8909226961747632
-0.6115420399252647
0.6328312641265104
-0.8856569579669178
-0.5472255117887843
0.9689759338676838
0.9991920824776257
0.3202675999391231
-0.6907299778470584
0.5612404100883917
0.7917901895311374
