-0.10615115140024889
0.39149611411985275
-0.0988033499414882
0.7198719004253455
-0.15332184941531612
0.1173699030408728
-0.28857739716824593
-0.39923222795818636
0.34177676147605984
0.35577239132170146
0.88641131673869
-0.2784855431209854
0.0691893591739523
-0.6141575355544784
-0.8065242024603767
-0.22058176587359535
0.9167668799776321
0.2328504233492399
-0.43803154097226815
-0.44726400396892196
0.8808375638760919
0.8135697366248735
0.08566876203828389
-0.511788471748986
-0.7747752552147777
-0.30968128076531176
0.011904529386951745
0.7834059794285309
-0.5920588337331469
0.5262255237280602
0.2478844479629052
-0.3119977060237815
-0.9359099814631833
-0.9726951038570535
0.3555050549631813
-0.6011834224362254
-0.5715192984425379
-0.6363449799876459
-0.9661318293941765
-0.7461190243892635
-0.10227625704888776
0.08718413350554233
0.04916948832401924
0.7475771805784279
-0.651760368277637
0.2777492895674969
0.3840901981825875
-0.06092960697573413
0.8997424595156138
-0.8202738274305739
-0.744469832626451
0.7640241173837714
0.9524739972360341
-0.3420230510625786
0.26404869675183384
-0.041614581064764344
0.32221799229269954
-0.3109195560764957
0.13166546659219036
0.41356433810938076
-0.9579529002435256
0.4169597399944329
0.7995049274262118
-0.00921872931817802
-0.36951076137520866
-0.5318278743720615
0.03484354141386792
0.7806703809355562
0.5604527445410012
0.2977293973726316
-0.37519607749813444
0.8905711969636843
-0.09463103969855546
0.2177846336880731
-0.4236492402111769
0.4727737443307045
0.7038788601500554
-0.0591713697384868
-0.2438238993319417
0.9492796539031927
-0.6110200303941073
0.6557023850550046
0.8776585704767399
-0.48465966788747283
-0.27363050555460977
-0.8175091470975346
-0.27151819914767183
0.1851070027560866
0.09655290297564911
0.26141444668634173
0.2656738886710688
0.3458190892134456
0.3759353155354741
-0.5793196859001224
0.7669987292478246
-0.6819044517410169
-0.07248017335318191
0.1925607755962191
0.6436543724864645
0.8145453403808527
0.1077340950849377
-0.2123412031510863
0.879612256260552
-0.6003131482800201
0.033044300568215945
0.44739712611583915
0.4909462927891912
-0.16214104253124995
0.7693695683497517
0.5152510754268027
0.3592875265437221
-0.554482012355574
-0.5568325159205418
0.26028393689952467
0.6369213107934562
-0.42205834195378866
-0.3351229571461942
-0.9446866502574123
0.806920349617851
-0.05624958156948967
0.21359173607113835
0.11262236448984475
0.6198894000465311
-0.13373487667295159
-0.2702414450458801
-0.6583470501987279
-0.9604925121930221
-0.7040374696741176
-0.3764300958301443
0.26151723218267486
0.6711195355475195
-0.3502834400336785
-0.7382764627176353
-0.6760602030052063
-0.059391769978266895
0.11140074046961046
0.2247600704086421
-0.13605404161416956
-0.15607409493085456
-0.5613828561881988
0.1437380752400479
0.6223791573747186
-0.11813160582413396
0.9669080268804144
-0.2559960661325791
-0.7254214348229655
-0.8908072165319816
0.889252332154969
-0.7325596131206338
0.3040535140411611
-0.8290810834717215
-0.48038836192522205
0.45350050923450147
-0.326335652952624
-0.5382630604767538
-0.38723212866649726
-0.7299015691748925
0.8065744599968809
-0.02750218915382141
0.9691183706964606
0.8939040162143377
0.8923754664345984
-0.6505575841127005
0.633108548796049
-0.048723264319002535
-0.9721646688911207
-0.41883842211801636
-0.40987289918562375
-0.7359136675290954
0.255733106951316
-0.1523093316561226
-0.8929761100225371
0.1754023038869259
-0.3045239368558845
0.7023153622999312
0.8664508858238511
0.7001807114613121
0.018138386068393686
0.08060039699218358
0.4315586792666346
0.6454794296292492
-0.2003738281332348
-0.5634361247535353
0.3924507355118052
0.9323634468537114
-0.11160501917881982
-0.9590229023290515
-0.15562264008777382
-0.2087909970693136
-0.8135312535758235
0.9871138565632944
-0.9790506271243391
-0.6738557084589034
0.5676163841753112
-0.7347921063261009
-0.37317895503779375
0.33676696613379864
-0.4212553163034465
-0.5337019344731577
0.5432604368244991
0.5832694853172613
0.8389418289092472
-0.7154881027739459
-0.9616591556275085
-0.10378278005117458
0.07104549966135032
-0.9883103452810049
-0.4839899173656812
-0.7190090800113602
0.4631131304905738
-0.6124181803925186
-0.005116192696180022
-0.32064060039597475
0.3174106495679019
0.47908308122310883
0.5153113170407462
0.6131381112589316
-0.8222724564196995
0.0911099708595684
0.2643370200053714
-0.08295638838068231
0.8360742406098334
-0.7859435037307116
0.5342511803070973
0.6298167719588894
0.17008636283709455
-0.1887451068637862
0.3478731143570222
0.15805278588766303
-0.06711204833394824
-0.812096093787942
-0.794594180339695
-0.18981035748633057
-0.782316661260805
0.9390344542307496
0.3277896917357721
-0.48996172737704646
-0.1533217301874903
0.5890670142104555
-0.9906285706424132
0.32510595663171515
0.6196593135299711
-0.6793639528528486
-0.5823090585047204
0.0012476287851628243
-0.7030485602696157
-0.5951087344447785
-0.8468230671369836
-0.10195475794829334
0.7836471276566315
-0.7980867371391731
0.096169990755963
0.20342344724268213
0.37655760552409845
-0.25657947958625704
-0.672382508939046
-0.3093836751909347
-0.8615437893933158
0.11400296041728186
0.4492993558977738
0.12009868080876407
-0.8273750240481539
0.36043689152027114
0.7954731233977117
0.3010967272956777
