0.014942563105243556
0.9681143058487893
-0.34583625134770646
0.9369432223169913
-0.662745037263244
-0.06725675508919227
-0.4230681885364014
-0.14266982521711347
0.45745269525298204
0.8206165675504038
-0.990341357689918
0.27483991192435675
0.439045430213705
-0.3001500416068805
-0.0817142873253145
0.06517951552409129
0.07406076382381732
0.32611579688527215
-0.7194503811897932
0.6867397962039292
-0.1667207094465597
-0.9967330328651269
-0.4149118074251279
-0.5714718887985901
-0.7253913634811804
0.8711225090162267
0.705389706348424
0.15840912403873952
-0.344105473302887
-0.5528831162614372
-0.5821742310189042
-0.6581503603240357
0.013461083460937218
-0.3780467089469557
0.8727156669578822
-0.002371650738388631
-0.8113256120900301
0.2669033402347347
-0.1953188014579501
-0.7397726126538411
0.9024620568425594
0.04892975730327276
-0.598011011010493
-0.46596925603029904
0.6510033430982729
-0.872941262291637
-0.1923303033514594
0.4868255810728275
0.7916501092577759
0.783990814197761
0.9929667742397157
0.5346595671223753
-0.0708952251468773
-0.5231041077792418
0.2602366067769044
0.3222465217029058
0.01685190167853201
-0.5733878622680066
-0.6980686484835237
0.6840183652688798
0.1116779532377088
-0.9785681502508441
-0.44018515133917036
0.07000757728487228
0.17676706078019988
0.22943488688580738
0.28029364480911245
0.43151745375370454
-0.40187388002980806
0.7014112981482485
-0.6416623957100793
0.0918948200666807
-0.8927963705768431
0.3861304747156169
-0.04013525687447772
0.8400360797531292
-0.5151532723941139
-0.22074835533767145
-0.3669163058654892
-0.44191653274794085
-0.6315778137939934
-0.29411669283483843
-0.9842474490382518
0.33419398759237606
0.06687461280494045
-0.7600621791119011
0.8761138313257801
-0.8061305831739811
0.1102546065694261
0.5488592095541185
0.7269990725727833
0.5909772078245987
0.12220570465405589
0.7374735901130303
0.3384995774610964
-0.5829200528659872
-0.36190149303949726
-0.2700244793051665
-0.9823721473579659
0.244014844849068
0.7469732347711995
-0.8537103305129559
-0.9620222980749469
0.5992302199000108
-0.04269259145396931
0.4544500260801505
-0.26234353416399503
-0.06323248714274277
-0.9139183390196066
-0.4909176406280831
-0.48750738189277065
-0.09094359655859918
0.7653576573937535
0.7031742736481208
-0.909084652324212
0.9759240917796879
0.03756035735303365
-0.4709139101127855
-0.14531083233971764
-0.09139154633118118
-0.34872644526396046
-0.8820242938671183
0.41681065098488856
0.09531697921576643
0.004763499594113707
0.3874971002165457
0.35423813100791013
-0.7451414886031054
-0.9307891109432997
0.6344476825265573
-0.4302649105823364
-0.3256268350621747
0.1299655945235001
-0.7814129846443241
0.5221823103135086
0.9651425942510705
0.2552943188850447
-0.9820501323109616
0.29452748950868823
0.9352498786598484
0.3025554283335259
-0.1994137131690361
0.889960129535825
-0.12755891434127054
0.08531841462755474
0.7365539215815509
0.6552455669201809
-0.7661386327507254
0.5587289911526157
-0.45913242084713235
0.7461787099996464
-0.17456799505894782
0.230298401267359
-0.8858210510798665
-0.04048036685237588
-0.7478283116286706
-0.9525385801613115
-0.5868116007472302
-0.5844090531100221
0.54731299330556
-0.025233393822579275
-0.5916465072531498
0.03406726342503874
0.4443193779997616
-0.6324436241716616
0.8811591290393996
0.3678136096449207
0.22609984662877025
0.840567588881574
-0.6636793786290314
0.48413775995991304
-0.012962175613251858
-0.7378588757344067
-0.24655749735837684
0.6685385615828789
0.00958128474761466
-0.6617316464187226
0.4865063095578648
0.6403900412568537
-0.7488870228990603
0.4157661241220163
-0.4640160439087111
-0.34462316523345526
0.648836888832862
0.06275211418100923
0.4098584186849563
-0.06084750277162754
0.9130528742599595
-0.516894725155749
-0.9374999686902503
0.5133817212296301
-0.5054346815511883
-0.49203828587908793
0.8923816090887793
-0.5445793409740758
-0.12468766619654792
-0.09216358136424452
0.9468971964299462
0.5252601066908489
0.6846562906136222
-0.18415960253184238
-0.013865865001293942
-0.043640336518152134
0.35364733710201124
-0.384550182389402
-0.2721126421914164
0.4171454596467854
-0.3470383198861988
0.2515068242566072
0.4159446254795858
0.473799100911372
0.45865425244774705
0.771943393935548
0.08209306398185667
0.5618876982373624
-0.6571473346737626
-0.4849221177778298
0.09617383579364747
0.037355578610990925
-0.2660127334575071
0.29412825134086384
0.4942667896677979
-0.12123080132994013
0.038710057561093913
0.9978017498881371
0.6611631320075431
-0.2537033178668884
-0.8667879790198869
0.7633773889384019
0.0753772066091003
-0.11453318713531058
0.5189285543520266
-0.19549835272321658
0.6923842494134436
-0.28180652113992477
-0.5446413074916776
-0.46095380284060594
0.0697881721221707
0.09918066806879655
-0.2705475111920148
0.012948208619111501
-0.3451195495079755
0.37726807770484005
-0.6352528681349994
0.7805293923123973
-0.4480787692623882
-0.038368136303310596
-0.23717227031989552
0.6912103030981724
0.13361384738579463
-0.23479850137384273
-0.3703486041552866
0.8160350939163585
-0.15536924018488874
0.5266384590527002
0.4531964192871889
-0.5542785471316942
-0.06201818280885618
0.6411502332443146
-0.17682371232221694
-0.43682041877578026
0.2904502744926478
0.5448067173772924
0.06581813692465932
-0.5242240814018593
