-0.1710991174566623
-0.9061621385755576
-0.0703272068584504
-0.9527824308587745
0.5977524395989178
0.9083964004772289
-0.6965241568886353
-0.004770854957085069
0.7767810130185939
0.8173575680195213
0.6107021262060774
0.08904171387338988
-0.22879847228508066
-0.9321809494076945
-0.41177673749761357
0.6837992110458877
0.32515206847048184
-0.9533361807853764
-0.41996747643058563
0.7005742089059228
0.01694775286304706
0.03498535656322965
0.9566686706149312
-0.19433500093742917
0.14259504718996796
-0.5700842498462573
-0.3818684016509708
0.7998782166823479
0.7708011979606624
0.9859916782618177
-0.6283476180243968
0.571679129266593
-0.8245445700868388
0.9919161399248029
0.8023568750784091
-0.8399365112042463
-0.3602377606418323
-0.8348245045832179
-0.9155248404912177
0.07833065301388697
0.20032896962193258
-0.6152942044407035
0.8973144689385686
-0.5288652699009613
0.4639414523431038
-0.030436952547171714
0.43975568128253806
0.2205697989397324
-0.7233496687516157
0.8348865792542919
0.323129207120155
-0.4749604310787363
0.5043960944755044
-0.5533993926305878
0.11414679314801157
0.4691690844354446
0.280454726536707
0.38066577238986055
0.6982879696806044
-0.49621514402168176
-0.4897856178489286
-0.08069359828826816
0.8302859548428683
0.273358446552578
-0.6185318948903031
-0.2976158233148172
0.5382133959002076
-0.1380158110800047
-0.6707841082457902
0.74402048490785
0.5380062131308667
0.5991834639319005
0.581645146544469
-0.20214216829553822
-0.8093613530379757
-0.14560792587478222
0.689851753082209
0.4563046921447753
0.9449843649311007
0.9998414079239188
-0.020672765427682593
-0.48220171559987035
-0.9101364749537624
-0.30829701322258507
0.038400119250873166
0.28294227853800136
-0.3205284347468087
-0.6605662725361334
0.7572957935124562
-0.7296090348778623
0.33477062874163677
-0.29210826756260744
0.12408116818021475
0.823298622178462
0.6368189873804215
0.3060513409683996
-0.7105592971210561
-0.2236287905446801
0.4411526891661879
-0.45050422695687686
-0.5936150087219627
-0.3298564272583464
-0.8982437173599278
0.018792615265726953
-0.594849058293277
0.24326870334103368
0.27128025938703226
-0.6145213002295706
0.5380034242389782
0.0819934302319254
0.015802253373365494
-0.43692959122900743
0.267891970264714
-0.0662371356697049
-0.15616386456178688
-0.952090399730813
-0.4214688285040993
-0.738683827795038
-0.11248618693852386
0.4047790346092308
-0.5715924490201973
-0.9163311552988154
0.9969190765505389
0.5344751851642624
0.2681668082499893
-0.5893377591505249
0.9448108325974509
0.3179375877930062
0.12029207120200436
-0.8975015670056659
0.09024285483762018
-0.9162201951024382
0.7825638562222996
-0.9858941301959829
-0.9493518327077077
-0.6149552608021871
0.7951150296362435
-0.15362199312314506
-0.4721072009976377
0.7610492651209773
-0.03411853765285611
-0.13840751927313666
-0.4501467787786493
0.19856560460933514
0.29846572879918565
-0.07256483981652018
-0.11495219078461805
-0.20803536384779653
0.22684750711098456
-0.8178996159307834
0.6586274629720592
-0.2364208474913574
0.5160282252626269
0.42840681684671056
-0.6113665679158273
-0.1602514205249257
0.8120297685818143
-0.17769287865632188
-0.3439278302990527
-0.6598667231527082
-0.6720052588778804
-0.06360682630163939
0.7549638581865104
0.6916227422810131
-0.5706461159264433
0.28576599611864717
-0.2508159487788364
-0.36813894444041484
-0.017097030275783354
-0.00020896723769747716
-0.06922474466488038
-0.6436527935453149
0.33929016128861056
0.7972540097587724
0.4513926266097268
-0.18679339559370245
0.5497159337517799
0.08724653430824225
0.2768965841254114
0.7229875071054048
0.6663594089095561
-0.05846906809804797
-0.653230549204004
0.0691926405887664
-0.39672866720442124
-0.07071949112625897
0.8356151543487598
0.66502874788683
-0.03207118769774442
0.12375043583423384
-0.2988977482828983
0.3865100165196038
-0.36238130467722196
0.7148966605130844
0.5260858188435611
-0.07589801058943291
-0.7514034205273132
0.31311303874938434
0.3394530971155909
-0.7571639864855877
-0.8954146313348026
0.5156860291287331
0.884554049537184
-0.3025230358927291
-0.5418953954941435
0.29895711345778686
0.13251933292517526
-0.581053125399632
0.7933213925063896
0.043064764728521165
-0.9455946218969276
-0.3828679833291202
-0.023177812054559377
0.1655982399591338
0.630475487890034
0.5219265761233765
-0.9045387544048515
0.08066628152527144
0.4987092342676622
-0.45979967260256327
-0.12512897090471942
-0.7363193618772663
-0.23699898336201253
0.8880971095228416
0.010469575060282788
0.4321828599366344
-0.6217235426849572
0.41569686304359976
-0.29605396612819423
0.6578789771469429
-0.05682783910230915
0.8473521688048637
0.27588180902381554
0.0071591548307561315
0.7355653312346289
-0.8834664399173631
-0.3711111270494498
0.3998922570362502
0.5803492801507859
0.15771340597613626
-0.11003950993819722
-0.823640971318381
-0.6648673683415194
-0.20277766657837515
0.7019367027143801
-0.5649726622753433
0.7458184872004736
0.45602921276745434
-0.31050590024976366
-0.275027277518312
-0.13092652450997821
-0.8336115583353028
0.6602536803258423
0.8781320438984923
-0.4775306031948974
-0.068161427339134
0.586351954704899
-0.19128946939152813
0.6684350290988486
-0.5809464322926874
-0.7908866333177347
0.5193507359847369
-0.18567352286787253
0.8309877014521754
-0.5740549251377456
