-0.577447075119013
-0.26936651277490387
-0.31581449304011855
0.30855527762418045
-0.8359279500009753
0.25035796771682817
0.865982132319665
-0.7721370237786869
-0.37568103258256524
-0.7287894400608099
-0.120265909889822
0.8024918579513145
0.29511418073231943
0.9085885250608541
-0.2284296328997646
0.0656779782477015
-0.9662565868984172
-0.8164707754823499
0.8811536502939963
-0.11643005599745893
-0.8440580108110944
-0.30660600881527444
0.9610476058501018
-0.8094221304057567
-0.3646365298448975
0.09490794485793574
0.4981686643721761
0.9871659259226535
-0.619390587368503
-0.761946586291731
0.8494657041166467
-0.9611932565847809
-0.34398472190652885
0.1045062342355072
-0.45343239269370583
-0.22186999804397556
0.6641051569512646
-0.8629620191519805
-0.6153426548033154
-0.13073539799481515
-0.6517506575720275
0.5755709049695292
0.5173089255918029
-0.4973261142022525
0.21436065550655137
-0.9037509766587319
-0.14574741541502334
-0.41693173246984117
-0.20141218307925657
-0.15847715918448158
0.28504025737555216
0.1385923392497732
0.5039381363047912
-0.29598611191979285
0.6424280606751873
-0.47238385891463097
0.0797962267729666
0.527851477824407
-0.7391460754034547
-0.9397367184823195
-0.44815666355648864
0.5339314863503637
-0.11920436503757958
0.547377995454988
0.5817398005330263
0.5376745143954704
-0.2744539981620602
0.9866042389960816
-0.41223008086193014
-0.1690088288774021
0.804278322898268
0.6967451626705878
0.012229251123776486
0.22977979388295955
-0.8850611065728407
0.4610115538074824
-0.8395914083283447
-0.674349036341418
0.14681220148076535
0.0339415589757357
-0.7624975864265993
-0.9043284572300165
0.5074936042142246
-0.9716482235213331
0.4233876795469056
-0.6026569370418497
0.27494123793199265
-0.36670186979392816
-0.15647512339838698
-0.8740009913806814
-0.825122827741064
0.5164652437621315
-0.9034396399595692
-0.09790709757105587
0.20758777046520538
0.8963774857553466
-0.3090782504101808
-0.6395624108916136
0.41504943925943527
0.2474438806696999
0.8340568834647382
-0.2083238233282454
-0.22258072983559574
-0.4543136271914616
0.5526851017159371
-0.098316589796142
-0.6361565612585536
0.7846795956338342
-0.13962359823549675
0.2949074187489116
-0.2409796317282844
0.613276540237311
0.5507476324380502
0.9049971360139832
-0.9913601188908563
-0.6829229969650668
-0.7411418281226596
0.15648558597772189
-0.7935395184703962
0.053180241426018515
-0.007813160279143805
-0.7935610391198713
-0.058498110513135027
0.4425962189753938
0.9299605883975253
-0.8752300990178092
-0.3290280529961578
-0.4226526866517275
-0.0928598819326294
0.046113995731318136
-0.34621251012069987
-0.37545074765205433
0.4683933711608095
0.8360410476128415
-0.18660181092458772
-0.42356053810885075
0.5595717084903808
0.6209896710891611
0.9589398251788777
0.2903438101951672
-0.9438831338373872
-0.7162879424127617
-0.7958428705738592
-0.6317755555994697
-0.4461839933316525
-0.10138803949274644
-0.8237665429507877
0.05549113572197251
0.9918473922200925
-0.28617782656745794
0.12247368259378066
-0.32413427241645043
-0.95738816192418
-0.18732808573932447
-0.03705747840522866
-0.43011468940590203
0.3558229703888085
-0.6626260980658303
-0.46331863110665417
0.21411459963995538
-0.05689293812785756
0.864943971668449
-0.10382398413615324
0.16032918423962483
0.0969369285765036
-0.4899259570868555
0.18293885047839886
-0.6703238815951695
0.017194537815582667
0.616549658876929
-0.4683681227284944
0.6580779591654031
-0.5814763223345429
-0.9430366438486761
-0.1721728282465349
-0.535542663879365
-0.7122012953948684
-0.6210351407687063
0.06364037591483829
0.4766135446101596
0.73121184254337
-0.823064568715874
0.15976592622794494
-0.1674999478082213
0.7111544965567862
-0.19755977333645403
0.4509223317686253
-0.0005633503259223627
0.6739588565211305
-0.6821623883610892
0.6858467704300812
-0.9484376088753073
0.8575881913892307
-0.6628999182444084
-0.649270358153675
0.46551430333591326
0.8159601590588228
0.8323594481538412
0.6532202659956623
-0.8530412175061444
0.3660196372253557
-0.43223867661546267
-0.501870661453216
0.8621686332816771
-0.465256764748756
0.02517532764286834
0.6062161814124949
0.06453684297517404
-0.4967413779964356
0.4523588571387056
-0.38822339022985575
0.01970721690072308
-0.35570187912260254
0.7189481301683158
-0.7177422381173726
0.32754804606316146
0.5472590397004631
0.7220755926468752
0.4152062365472109
0.6943573438076829
0.8560810953321083
-0.5985696805654301
-0.9790263321106178
0.5019053845160586
-0.9065366830257924
-0.06367963607920468
-0.705990202932836
-0.062363757935029795
0.9375971789582851
-0.030901244501764902
-0.9582388308820082
0.9454329105515851
0.9646835840443304
0.559765865031276
0.3921341196618806
0.34367768927830133
0.4165703696438945
-0.8792104547734867
-0.28159050233707483
-0.7154249691265155
0.40040557785364617
-0.8949268601507889
-0.7610115296568594
0.07143518414160166
-0.28039509583504985
-0.24194368417719003
0.45712595422437174
-0.5167430913871727
0.2861367777331787
-0.3836996303503202
-0.36145250958946007
0.7236227350107112
-0.8515534731044463
-0.3587451940043196
0.6234302357494139
0.4515085883404928
0.18373493965575238
-0.9974405957233852
-0.5460931913674041
0.743771234277635
-0.07234454460410467
-0.8777326798733838
-0.6607766139056177
0.008931667319982628
-0.2963065132792171
