0.24633282755309072
0.372471011897721
-0.6801437643996218
0.8875005428073586
-0.851980293190064
-0.30983629320905903
-0.13686411174623925
0.642579406569842
-0.6418451708934312
0.651967329479505
0.9438115263212963
-0.5742588321736981
-0.8439114098765301
0.946373555882444
-0.28717643538155313
-0.7657842744786407
0.18165174941294548
0.266890214161704
0.8960240208701327
-0.7702131337164899
-0.10284635827829747
0.11877312649910388
-0.40026644186400473
0.1602914150021959
0.3496331869241178
0.0024081154736737
-0.607458598278799
-0.4966186293420898
-0.028323337200449217
-0.20071848641047518
-0.3660954527136664
0.5129085571823153
-0.002337366948975239
0.5769475636250447
-0.04159655848826249
0.1357187090414409
-0.020133067088657253
0.7662662323640164
0.38472477970600516
0.9281592051376504
-0.1171412894891144
0.815229314115445
0.9708089915815461
-0.8704179003653933
0.5297707905673601
0.7582673723966533
-0.4982352537179735
-0.5049596220430355
0.22523603991657426
-0.4068312194436041
0.7960901215400644
-0.007665610233802633
-0.07885888776956795
0.7866835825680085
0.7802653902329548
0.22610929029153226
0.2567411278605696
0.2886708256156325
-0.35946070110842876
0.7366936595485503
-0.11009115848305595
0.40414351162451023
-0.6297381561120909
0.1825660989905067
0.22058989691008013
0.8660055961371236
-0.7142908712936717
-0.7180855154754964
0.5539727587778327
0.6762151663197438
-0.22352210632655578
0.4190460197727994
-0.5595990314470078
0.14219070878106965
-0.37057986665692755
-0.8233398862856771
-0.3160378483567534
-0.5120981232148374
0.4978009373888128
0.766521163922306
-0.7709319739935432
-0.4490094598704759
-0.1172923575723317
-0.3189223321185839
-0.6857396177921313
-0.7603934552045584
0.7191322736933199
0.25282450914970944
-0.2773053127956979
-0.6379152819968767
0.292875308562226
0.7049027106929302
-0.898786968353003
-0.6286280887532079
0.43280910771922043
0.06947839128572642
-0.786415204751522
-0.7921046500183591
-0.23813732904776552
-0.05259189499752148
-0.4094200291264978
0.6526460711491366
-0.7390893051514225
0.9628588574031609
-0.2125649927390021
-0.27966507173129895
0.9313022673193498
0.8274115215118623
-0.9720417591815296
-0.3968542950488352
-0.7078996525221755
0.767514120474253
0.5320661013382582
-0.31411155261015566
-0.9583141806128768
0.40683323926871906
0.47817235276693015
0.12621755911806498
0.168030979629622
-0.38261156639236504
0.05954656724496621
-0.27374340322646673
-0.8762329678937066
0.6335010803028118
0.6669625337694172
0.6048181956484429
0.6964970770953689
0.4287309507068111
-0.43760193289111426
-0.4558529235324209
0.8431950045703116
0.8679732638649524
-0.30479824005738543
-0.19811257233863655
-0.36834087559565565
0.9270472408867145
0.1260124656756063
-0.7460439806999541
-0.5788586428880249
0.012183605955035093
-0.40910682415355826
0.7091134947837678
0.19404859904315663
0.3620607107276599
-0.5161953507574548
-0.9423369266855914
0.5578585571201087
0.7974488364288972
-0.8094300928844305
0.9920439035687667
-0.677222866649156
-0.6649670340778957
-0.2291482835142753
0.4554939826457234
-0.3997696169066618
0.39676196853986156
-0.8418765498680083
-0.5899918244969264
0.9947464015299925
0.6253072930626318
-0.500766352622825
-0.8196250296063627
-0.8687636339791713
0.6008620782389802
-0.0659305156776171
-0.1517904667942671
0.40170257539527876
0.02402992983844099
0.7430020423835744
0.5859521560156065
-0.961398338230582
-0.5274770056223381
-0.4807154761501129
0.8676761918247062
-0.6741479274473361
-0.4368780802544021
0.38918573134388046
0.23978884901109465
-0.616995228858876
-0.07060658525110841
0.922304470427028
-0.06077409851054316
0.006488465930079235
-0.8436534484951403
0.19462520086727908
-0.5312031977356668
0.3876333010955504
-0.049226604125858
0.4922029625360218
-0.9056821466918719
-0.14446211675058773
0.22368783821820104
0.6804803175634593
-0.4151227218175848
-0.9222373105077422
0.912867795251249
0.05099886546013144
-0.6270455821598377
0.1227277343054336
-0.6228044613207635
0.8346374367739549
-0.9117336898933353
-0.03563729587785991
0.05643593771650379
-0.5867049692474886
0.564567796996521
0.24628653241131748
0.22137335873520025
-0.022980026702265732
0.793132600928466
0.14808144300199366
0.6018826211710355
-0.8095447948223753
0.9991016072162324
0.1324017685037373
0.7584717287325258
0.9545309875233559
-0.29940561417381484
0.8173360135615781
0.9060730229710283
-0.8473792433348204
0.08561696135702168
0.928477262282627
-0.1865838234298538
-0.0404783598259415
-0.3292887786217009
-0.4270921425348544
0.8778560504798454
-0.9013820633593466
0.40895873159300145
-0.4786978078954087
0.4503962809521105
-0.6048879894591981
0.47699508820216563
-0.21399561686984336
-0.6685198659030847
0.12999238498373322
0.5201302793753888
0.410463020579642
-0.7448344242495999
-0.5591630477375662
-0.2195596960320807
-0.28880191175358516
-0.1811636098109719
0.8564356586543875
-0.13195128157789093
0.5627524492664346
-0.9263551074234908
0.8553375515264738
0.4253714134812756
0.1536050393968793
-0.3051156146635996
-0.8519533861311743
-0.5986554503056398
0.03353373053369446
0.8625927426696605
-0.36368650798162716
0.05489507853488562
0.997749251547078
-0.05867860406189429
0.6712313228296418
0.32772250752275767
-0.6995091533375455
0.49972843677764756
0.900193348152662
