-0.5096932275789321
-0.8654115329748069
-0.8759670053198041
0.766230861711461
-0.742190008632098
-0.8345150752171691
-0.9685154310899615
0.3566738971105752
-0.33161174155478323
0.5690229936372642
0.4746340927228221
-0.3837421391896807
-0.6406247625437009
-0.9396472187918459
-0.9024249919164273
0.4920142666464271
-0.04417989455285287
0.16925301237157098
-0.49079641389973694
0.4987429700085515
0.8873522921369423
-0.8866604522906034
-0.6909729673441432
0.9304865276938716
-0.0223447042127618
0.13052352454467786
0.5475687363664152
0.5850634754902946
0.8170323577671408
-0.6378334295420776
0.4240449906971888
-0.8480801672858198
-0.2774602982219452
-0.4306970389735447
0.14396478571575289
-0.6775752642079953
-0.4474515691976084
0.8894716931754083
-0.46869291373216626
-0.9096407255069443
0.6213273576382046
-0.4037379500301497
0.06299785674448355
0.11543614213972608
0.5385980493731244
0.5771552954729169
0.9600209203893639
0.7334189635760717
0.9264282553117205
-0.2946261605317573
-0.7503873153379996
-0.4571203371670767
0.6866490232582363
-0.4809294619051514
0.5465606436629007
0.5441416366193077
-0.955371985267174
-0.4543541149876915
-0.813840458574115
-0.18543096011896676
0.09677608888007105
-0.20249520003537302
-0.2557825926746058
0.8889050088250181
0.6976707917487657
-0.9952239853675393
0.6671017151769403
0.1595775126064316
-0.53470231751485
-0.37065060925176163
0.5917912972513413
0.2573173120388961
-0.5814857609161093
-0.5993712534226092
-0.5007524237560252
-0.11593066850224543
-0.8502825622834767
0.14841764125206303
-0.10851281715574479
-0.7852310208577491
0.22417331842141297
0.9334564937035683
0.8626264815866636
0.9866941255395913
-0.12377034171361201
0.8281545856468231
0.7830809877425542
-0.7890050626368736
0.5132138466100156
0.7200441737743728
-0.9440702863440524
-0.016511356482395767
-0.7380388158669304
-0.014453762860095365
-0.40545905820991424
-0.25713997179460524
0.054957577282781056
0.32506528599984463
0.10787158277993258
-0.6191345159935033
-0.19216496925717497
-0.6128572906039429
-0.16236041263576784
0.8731199390156161
-0.056518917328343576
0.9111742912806036
-0.11401201355279889
-0.43476537997798137
-0.30860953879001785
-0.6264751818366359
0.3768485995675799
0.25767524329127567
-0.8618677645923984
0.9251297091834045
-0.467511009745776
-0.7567416288911837
-0.06402768619280508
-0.20836787784037925
0.7578484727678487
-0.9342964660481896
0.9031108396810419
0.6582293113289253
-0.5234342870040605
-0.4415114858126221
-0.03731812115940203
0.49925288090524855
0.8853716773608589
0.6064476644032859
0.6470343050766745
-0.08957833225199141
0.31858724598593224
-0.6256147947742445
-0.5685307757193505
0.20546081574364283
-0.38275076245635087
0.26206191866675743
-0.959109780939402
0.6036539187629613
0.5540558263030171
-0.4631599981260497
-0.9009905075665448
0.30686716266485425
0.5136278445553353
-0.7685400278791346
-0.038679069838732705
-0.39752051499017504
0.8657742776262822
-0.5558904117960382
0.7001444868946416
-0.5841361875132929
-0.9257723845462835
0.3599118763497333
0.5637725972917063
0.9388387715532178
-0.5613302052348654
-0.14966263262057788
0.7279701857362533
0.7791554726104342
0.19336766616681467
0.5402927574575993
-0.1445950220329133
-0.865715888192166
0.2415987886765809
-0.8531088598240519
0.023921021384312402
0.8474567838302902
-0.9377174749807295
0.8011553804681277
-0.36734400028908887
0.3321617870567344
-0.31907857407511897
-0.031277631512518056
0.3649005501499458
0.5433878008526227
0.8541336083203461
-0.0802897740467492
-0.35946002237693864
-0.16994833696373246
0.25678376466730146
0.3045368587058146
0.9725265534547589
0.8620852135308419
0.10903696772056581
-0.178357449315947
-0.2609002447968165
-0.8808740260473404
-0.07478037861837028
0.31649498679000754
-0.7548544868156652
-0.5224614529593798
0.7621232768036112
0.21201850206711503
0.7706075210883925
-0.1483274317272789
0.48792116831869947
-0.6148806249373391
-0.5620045031792176
-0.2560445640669018
-0.5599288758377807
0.3702427914017601
0.3405234403582762
0.9334324948970105
-0.8176268986072224
0.09655672972853302
0.19240369152103853
0.03632059218705441
0.21783614637883808
-0.8780994428838216
0.7871326904538976
0.911851218461472
-0.08068038232787855
0.16331214003720218
-0.7230202955238649
0.4422965955835032
0.38264807119880917
-0.7233224385956376
0.17072200233318657
-0.16905254494798894
0.6334198199142111
-0.6966246060302494
0.7683642819414622
0.9819228959216888
-0.68454542959826
-0.005296227694512767
0.4041997164783291
-0.6795875454950677
0.24879426223544177
-0.8971493832794091
-0.9873727460703683
-0.9575718073207311
-0.5245118762739709
-0.062831487374724
0.9832788901167309
0.4435658717263615
-0.5126193423201149
-0.6605649248432859
0.9580812110153467
0.5895069130112196
0.31926417426963183
0.9169466611615131
0.9811341776235778
0.36550449325997936
-0.13787872101725784
-0.19069231063927372
0.8331407388885852
-0.8353784199687619
0.6082311645578129
-0.23549163579821197
0.7741798021475208
0.05184878574209595
0.824765280781808
-0.09455100155265317
0.7861276766186509
0.162762495407077
0.9759420796483249
-0.6452367899246836
0.8494128349073453
0.08455879856915027
0.8631692339060757
-0.7306507299331628
0.6187084915961127
-0.4245716446135277
0.06626931656081259
0.14035382910711758
0.37854937990297266
