-0.3419424241876641
-0.6558231526735696
-0.4869179317116008
-0.5451965868663684
0.1576938860487056
0.11868871697334882
-0.3736321490580723
-0.8536432168925607
-0.8105879448017665
0.8741010880553464
-0.3155025723987481
0.4811155875741038
-0.13374191952591885
-0.5729323847930812
0.31593091916080684
0.5356746404680928
0.29412135139327766
-0.26613837077300717
-0.4899207947907125
0.9623188595111012
0.7751662596609394
-0.23543668399014295
-0.384546365326323
0.24077143265431222
0.13944482190841923
-0.7430322455778058
-0.2578029882940822
0.07120426427067583
-0.013273549232324378
0.9394764444255304
0.7618392641978289
0.24747947574664209
0.02938899141566509
-0.16582209364487444
-0.635165884793542
-0.4027630207627175
-0.2423140859220474
-0.3810872768653202
0.8634671526625166
0.30606543636807726
0.7885888858699672
-0.8863146193505818
-0.5631079277481064
0.024808891238860875
-0.19832540239430463
-0.781290542121523
-0.4758840521639023
-0.03947180912979076
0.5176620413633559
0.11022599524453458
0.8157358806097348
0.4148118405270289
-0.6669490553768447
-0.37402453578504824
-0.46597070960616516
0.08261991544863667
0.23713993708212255
0.6687729018271309
0.9199232883313857
-0.781613190772771
0.9008664939399169
-0.1403243007724615
0.7584926890570922
0.6232168179246704
0.49974147707319516
-0.10495601086406037
0.20589187155903677
0.05134808634487209
-0.3535441523551506
-0.3637007320792791
0.06189447543074733
0.3249957428073986
0.13200019207641933
-0.0382982478480931
0.41247158274477336
0.14702975292518095
-0.11544410459659771
0.21845263367033319
0.30457641316511785
0.35006830908899933
0.41284801421594963
0.7996651700604622
0.523912010252926
0.4421596919653652
0.5935851809412391
-0.7240143132212133
0.25534238450169267
0.32847452249854503
-0.3272388929627923
-0.8494424762503043
0.6978367415349354
-0.3694953216606558
-0.7701599951538807
-0.58038442142441
-0.05367943791126106
-0.481988864736663
0.29880323675817877
-0.13449966729010643
0.2541450690142921
-0.48112405930117963
-0.24066542929066914
-0.9705658264475725
-0.5664075124251555
-0.7479796417877085
-0.9030954385015806
0.4873207759678524
0.7475113246391727
0.9058574137415973
-0.07634454183974415
-0.29039525281320877
0.1796504662743088
-0.6129198342808457
0.3215884064449801
0.19000857197529553
0.9540067248698694
-0.1165710427233595
0.42316462268243504
-0.6736954877150376
0.05734363927893682
-0.11948538589345747
0.5041074329606605
0.4196140197620739
-0.9122218751908455
-0.27105136832182697
-0.5406743061797856
-0.35268998165523957
0.4921012258715982
-0.7601988233100192
0.4235638827762167
0.8867229818241211
0.995727409345343
0.1971015800438809
0.1762934517909367
0.7169640630092424
-0.9221668422222498
-0.6355459880419891
0.8746689377186123
0.5170189191133823
-0.8715835356210884
-0.041494333762382984
-0.6984160900059755
0.578884031424655
-0.8765595348623831
-0.8988948838310726
-0.5709589487114841
0.8495426698892692
0.22599239176217711
0.9224325258487915
0.7865941489726904
-0.9191794342919701
0.7069679048535424
-0.23560140603689161
0.6255076160544493
0.5704983516317712
-0.26420722649006856
0.805760544227794
0.820514042499592
-0.4991033611730067
0.47419631344837665
-0.13398168719925874
0.8831585355664977
-0.613860044326954
-0.929131675455332
-0.8368925931160573
-0.5971123371888039
-0.03319540975551116
0.32035951849071
0.9216639165149225
-0.43811221636178366
-0.816661683610292
0.33598398894834935
-0.14377791370633974
-0.8918446798918056
0.24784002892765566
0.5270443638679787
-0.9996211663534422
-0.25031833576598994
-0.7699972703530678
-0.7864869187593619
-0.3079915600497396
-0.007320517450270403
-0.2771086941116434
-0.1593982080750347
0.6724079539653964
-0.2667234671326777
0.87014603074945
0.7151351994589898
0.4826107283823726
-0.3320152030135499
-0.25725769981323454
-0.7496446543990722
-0.7152352243291549
0.5819576173045111
0.6532640379781143
-0.6175515684983428
0.20924092487060375
-0.6413230048319858
-0.6093585966035024
0.8591735253070147
0.8713529378924323
-0.9096827076696212
-0.0113495882500676
-0.8267379092447735
-0.40206055871926805
0.6291171814904406
-0.2109646137706025
0.845416792142013
-0.4274663394634941
-0.41153464890923686
-0.05604651119454607
0.3142947465330317
0.6053910370946394
0.8379275224977671
0.7721919023869039
0.9275404500330848
-0.5315553793401251
-0.946241352410119
0.6815016751633332
0.028554295954947184
0.27909314030389343
-0.1902722839902926
0.17729128384203485
0.5115619627214762
-0.599234282072838
-0.28925950911985665
0.4364360312409483
-0.6249818705114416
0.7606980824646195
0.01125522353826347
0.6328446176815818
0.6702135101060966
-0.05228578992607491
0.1746814354830355
-0.6623367255285992
-0.8151633156380345
-0.5862678162194095
-0.6182099657903226
0.231583654672195
0.9883749891933309
-0.07254484028214137
0.7638680560396265
0.06217092513725575
-0.7377689286243474
-0.26528634960256303
-0.7008564181060457
-0.42972075045442226
0.44288073167851083
0.6076357127570715
0.4031747586300862
0.6168803754395731
-0.4861441302009788
0.9630945166657008
0.974322960441971
0.2824630451078973
-0.568416161063588
-0.8299897652446515
0.3680403490534083
-0.7270822518278046
-0.35844476122133995
-0.6329866864057827
0.1847951348151473
0.5793829773312229
-0.14332234593742776
0.8422917398980392
0.1561110744085623
