0.007307326734164565
-0.7535815354297466
-0.035631905176448875
-0.34503355076493425
0.6144841118824393
-0.013377346701629822
-0.053673785440630395
-0.7409696659534002
0.7964255956718325
0.16378769740757293
0.6302154413541949
-0.9186967412309932
-0.4015733020141312
-0.34377705110309886
-0.4695725705779097
0.4223996617388621
0.055010431234148616
0.005885496519785205
-0.26502918495274996
0.47131845253058025
0.03931940320673055
-0.5728904383792461
-0.38186879850383204
-0.15391015491097781
-0.15354213593312638
-0.12644211200029742
-0.7070724274381197
-0.8850340536159684
-0.8326421787572551
-0.9386975100343857
0.3235205176470024
-0.8166410191866023
-0.1414623804912647
0.5923512134242159
-0.6615467678997322
-0.8649804107287002
0.6117618939616916
-0.7609788495404615
-0.7989445327268796
0.5183066834279311
-0.5727642144678031
-0.7837731592327624
-0.4129174690070252
0.23957489438028023
-0.5516202591522286
-0.59958543335156
-0.72840245401811
0.41494204340177054
0.9253807487238412
0.6586363008901632
-0.6934691034473537
0.804070872469782
0.07990415795947925
0.7950459343795133
-0.1980124720621288
0.5487301925848767
0.8296662844188067
-0.3949521004939629
-0.9933622426244062
0.17261936149606916
0.8088891731052863
0.014791986516508482
-0.7842297396838152
-0.8678816779022298
0.3095829693955521
0.35447671974429307
0.5920885919877819
-0.5286286621233163
0.9154367237244199
-0.7089744898724721
0.5589610985702334
-0.49595279363512623
0.5378975622818241
-0.3175419941645994
-0.4484014316802256
0.5770441095247778
-0.5006552838570397
-0.15083453938023528
0.6390294657706401
-0.7684785443136899
0.11858001624734538
0.43468080366796236
0.888372396083775
-0.1190038337394792
-0.7964889121871832
0.8381907183357218
-0.9620473038449819
0.8753533041866992
-0.009912636345278614
0.9737644333983082
0.4027851629294168
0.7237154313591614
-0.08923397317246984
-0.4347788079152297
0.9648545251298497
-0.9201333139438916
0.8760927030075731
-0.02775786581760542
-0.7497450934863119
0.6949197305775439
0.40940168403865873
-0.34232516601671437
-0.03381987774433237
0.6161522704979865
-0.6550136142005749
-0.06550392632449298
0.3608800948760349
0.6158103283292264
0.7617242223760403
0.748069468577665
-0.19739570999837608
-0.1806859289370093
-0.4909037925369222
-0.24289907689627133
-0.2277272805167152
-0.6180229990047525
0.9845088626045646
0.5331340579549344
0.2475920048888285
0.2811337523680919
-0.671027616266066
0.7936784597161017
-0.9261331267966701
-0.11235058922275298
-0.8436655386108198
-0.24797090488240614
-0.65878207977745
0.04682506220616389
-0.5342902869823403
-0.2728935342103491
-0.5401158892187023
0.741325835367836
0.7571200023265476
-0.7986883926752608
0.7187041483547012
-0.6861402561630616
-0.09483769591725522
0.5099819162912844
0.8498177844764401
0.7023002179214113
-0.7750824704054655
-0.23716876487320526
0.6083439680785974
0.04598696453898232
-0.15006587349453482
-0.8946171956773914
0.5844603147898226
-0.7878193491751984
0.5060992528190682
0.31532187451010874
0.7401777469154565
0.36855291658285294
-0.051618443538678394
0.2843656301961899
0.3525386220072888
-0.9427569681347201
-0.7950896401452368
-0.7045817695993697
0.9721611964082848
0.1213190646375597
0.24821491194658085
-0.8398055069869721
0.2789970015994434
0.22955396000346862
-0.22477949192186042
-0.430365922626067
-0.13347270565602942
0.46146480489413166
-0.4197619737277538
-0.38564004475570846
0.41384664436205454
0.40087730562761803
0.4857294970240358
-0.6504229307340041
-0.7631164283008629
0.6919472758262848
0.9213242862635949
0.9538774611557133
0.34985200037768216
-0.45712551660399203
-0.7659236303522665
0.4792059420149706
-0.8963341405294976
0.11154195863781635
0.9616276726882251
0.5045740052662135
-0.6540902406991413
0.948230195802821
-0.11179646189377923
-0.4117866251833373
-0.45350801931034335
-0.8075049393837457
0.2796463566619096
-0.09882959033057737
-0.6037867727253847
0.7043654404709765
-0.6727385777947616
0.7912403378594473
0.4633468924926136
-0.9496458829871499
-0.6439942022800864
-0.9681601893328791
0.10148292749110888
-0.05330228062227582
-0.2457043449500469
-0.5238243380406027
-0.6655866825648928
0.07054691117676315
0.19799369764013752
0.4007846568309503
-0.7644819629065727
-0.5060455315395966
-0.8848837208288631
0.11242623504230287
-0.8756317676481602
-0.894466606870441
0.8403981226626396
-0.1189816012122129
-0.09768547263361538
-0.36403008139270066
0.7166440677463017
-0.9388746347197618
-0.8008109694491774
0.7912923070023887
-0.42017713579414195
-0.171161429950065
0.7891717960463032
-0.7999756525183759
0.7455068912363207
-0.09725150648744574
-0.7523695642310755
0.012507482117082969
0.4427238224512893
0.4361883536513478
0.12914482131401894
-0.381312626260101
-0.29941371773470116
-0.5046602200784414
0.8304235814009517
-0.494384153730169
-0.45249948429508025
-0.9367587763537213
-0.24237741727493112
-0.6130228127080914
0.2559582008434058
-0.9589729581129021
-0.7706433700764737
0.8281927489267882
0.37047955330473936
-0.4502255485145519
-0.3806128934065127
-0.2788638561386356
0.5686048221304434
0.1238006455747187
0.06045691825392918
-0.8801418770998053
0.6080959308119858
-0.48259601643075123
-0.26216992318488375
0.9063369903801037
0.7978913471770643
0.38967253264769997
0.10183329436487454
0.9185880528808472
0.990126448063851
