-0.7378721322667816
0.9071246173611025
0.7781569957924399
0.3625034237632332
-0.8729304393661173
-0.9393672414752139
-0.6079139053029168
0.8996904923562732
-0.8342789329328577
0.3713856426161801
0.6320371543368217
-0.22925933235094242
-0.8607328042418891
-0.27112647956438707
0.1782831364675126
0.6185455449241171
0.3256613932371364
-0.8148173994089156
0.32959483716234117
-0.8083277405692713
-0.8008776416974643
-0.264605361979243
0.5767033267609081
0.6360959566342301
-0.3593341098780687
0.4745893227279141
-0.6344042676515189
-0.5254120250984462
-0.7683057782377798
0.7781209421235071
-0.3559322044039288
0.9931215174604677
0.13192714276330375
-0.19020874700204304
0.7136650635372008
-0.6929886804055072
-0.8903443435511194
-0.7470173382911167
0.8580091077109957
-0.2986948390534674
0.19804043758656875
0.6579545819890162
0.13085850437794244
0.7410827999581242
0.6205893748057187
0.7889790562238934
-0.2578256107663828
-0.7267212783832953
-0.38973131900358826
0.246713029467454
-0.18604940195171915
-0.9196778240905341
0.3668152864945098
-0.7014901905153188
0.8259152931919018
0.9235654812433371
0.14628546006672982
0.89787654132928
0.3817137190937896
0.7119136244608963
-0.4235123927919169
0.19593881719708794
-0.18071576380991172
-0.9282284549209032
0.26660366277001946
0.6439882192218094
0.5629793082861405
0.27610819284901256
0.6027938742555619
-0.7585219542544905
0.050972454214698315
0.6710796348403913
-0.928290204898047
0.9368019748123848
-0.796328554319226
0.7819372658208534
0.28585767673914386
0.5038212690769317
0.8364643502686355
-0.05776847581659683
0.914033709571298
-0.0737283445030672
0.8594682911037428
-0.12224890538863842
-0.8882452167777559
0.45253919934356435
-0.08298130609977372
-0.6685382829056716
0.4807745104057337
0.9992391638031046
0.48636034471108003
-0.6471190012419985
-0.9496940383926094
-0.34085605881845993
-0.5297806519345454
0.8343864070670883
0.530428245558263
-0.2436469919038593
-0.07786327381011748
-0.7992039497420662
-0.48289202227889394
0.8409591011350397
0.16269642271876972
0.9896660882702544
0.513005548642375
0.5898029070951372
0.024330500210777428
0.23780132743488824
-0.33838363482582157
0.0529421365119358
0.5762068899914532
-0.5947058157559155
0.5286031647017788
-0.117809990964864
-0.20517152381048098
0.7726553086199157
0.6816828932813503
0.8805912359918893
-0.5606421751874171
0.5763066064228559
0.5902392162973691
-0.0034860772329989853
-0.5983858465821787
-0.22275387675849623
0.43662353490669314
0.05339292723568412
-0.4492790490418326
0.7073690538531174
0.7434168571945077
0.9184272378161065
0.36524557270417723
-0.9754603811719149
0.23130630396688123
0.36386590782911754
0.5001425474593089
0.3100713159023032
-0.5956283996138949
0.02685527943465016
-0.2916024306188849
-0.3570552141414858
-0.09037374257798336
0.4734190712054491
-0.37465148949683913
-0.037157696791414674
0.763079511549466
6.979299851983534e-05
-0.043920431003937166
0.9540010193229937
0.8331482929743199
0.9393417504571959
0.4168571010966422
0.9996049033188994
0.47481473426265675
-0.21574370331767878
0.27490253218500293
-0.07069855152791327
0.5610602176908335
-0.44366894281359515
0.6170630616248056
-0.9573951570404207
0.03671003013760887
-0.419532648669235
0.9751341006010021
0.8373332720161781
-0.8412478309714275
0.2537606407941151
-0.5194306275645941
-0.30040378112989163
0.5405025099359502
-0.7404281726197401
-0.41488726313110047
0.20766832826965498
0.3145857349077117
0.18850936296091914
0.7905963446796038
-0.388562688157956
0.3954098787526812
-0.5643718220095921
0.7794794282836552
0.12874802799576313
0.2659124204970531
0.14978461377783803
0.7998114151844029
-0.7664753224781777
-0.12144621643132503
0.15492134686516623
-0.13770159025126194
-0.7495278463396959
0.3908470702401914
-0.8037991025981357
-0.6225964201007854
0.8261906918354474
0.5408047182821689
0.8398903166269767
0.8625062453752446
0.05527419315025894
-0.10694247830476478
-0.6554892752987056
0.3894327510845681
0.9930854730250469
0.5879719119891036
0.9584800397284736
-0.5392693273892368
-0.569086634342524
-0.01988889360527968
0.8340350400210588
0.5937799282009426
-0.3990985770545705
-0.4836582566638228
-0.31615780216806977
0.09497563288955457
-0.1734027552291051
0.7385289838196034
0.42700097962357586
0.8349192112572905
0.4735317236205907
0.9760055664104634
0.8952425666884387
-0.940368245795586
-0.6319927847197162
-0.6224015644416765
0.6800228840555009
0.8937168402379565
0.5412258577062115
0.6705306378746896
-0.03529408168590087
0.9801941517166246
0.6445845209317458
0.9829640475854686
0.7681989646069696
-0.734169928072065
-0.05442292119612846
0.8733348976356734
-0.47961353067494383
-0.8335953728135452
0.329404427128136
0.7653119362872183
0.47364904328365975
-0.35031291997813097
-0.8938782597173047
-0.8242676605282495
0.7071416279518932
-0.9963739603996213
-0.4131857623771038
-0.9907293305957967
0.2697864681655069
-0.377687582420257
-0.7228415770614733
-0.4540048277894033
0.9717788999787378
0.6200944674912157
-0.8509298745452922
0.44528478163032914
0.9840428699532813
0.5132650183057961
0.8425854471957532
-0.7012507507384818
0.48096507372276065
0.41073130476325437
0.9793510537639147
-0.007463434427800841
0.46400138430234295
-0.0801452895582373
0.12108494412048243
-0.6062287768001859
