0.16043184987898984
0.26954062824446745
-0.30474050127296737
-0.9366324667136106
0.5210053752658128
-0.02313007570239467
0.6607875628666582
-0.15441477055340092
-0.973306939726206
0.45838819770250216
-0.4689635211781431
0.8897306864453918
0.7423661186575152
-0.7449575139505171
-0.49949527489979806
-0.18399202960396477
-0.9410282021503815
-0.6920109197884932
-0.5392562762257718
-0.02335357780489411
-0.26601395713697107
0.16838762718284728
0.3482437954178388
0.512801224494789
-0.5810377532155426
-0.9046464663936999
0.22132417200873
0.8678415428775381
0.1296292216114725
0.9044219943633058
-0.7034550516666038
0.3397904604346913
-0.10146907291883012
-0.4532759816434182
0.563698773824955
0.9437626697073169
-0.5787215030039501
0.0646460288685784
0.5523693786903976
0.67762369291299
0.8380787765683053
-0.393689576914225
0.6923393298737519
-0.8619502900282168
0.5849149479497324
-0.7013135249826672
-0.8348147157716004
-0.09576387461519098
-0.7047305657760607
0.9547829990336107
-0.49573208325321905
0.2906604102962984
0.9871409663326438
0.6946933118401724
-0.7392908444177975
0.17790552187412523
-0.8792200774769885
-0.30382378782488373
-0.8101492567483772
-0.15686386012881548
0.2064147746290519
-0.25758570787968993
0.6072100519482639
0.5085648435475694
0.2620779639218085
0.9517288608546881
0.3634298669466125
-0.5924083219670901
0.6257862383546644
0.07724319041415639
-0.49685711917214315
-0.9425724170528587
-0.9294045912840065
0.7176571370381872
0.6820245647665302
0.9147868304537561
0.17197836095341823
0.9671390449276129
-0.5209696204254997
0.359566533213477
0.73035460892942
-0.1048311811786764
-0.059694898566073684
-0.23809150522999967
0.056377950974653146
-0.5520707986478661
0.8882990834885913
0.9049233370966832
-0.9024088783825279
-0.5809212408714568
0.561122592470573
-0.30482997087201413
0.8683483794190083
-0.40721496082804576
-0.7111107789800215
0.23675813315436023
0.27665099830219386
-0.775114043266899
0.07692223094389394
-0.1679440744176266
0.9194602487893848
-0.9445451239100746
-0.12737232778951135
-0.07183066492319301
-0.17265888463074397
-0.8914392601877312
-0.2126936071726282
0.2283537728570011
-0.37249794852154494
-0.28530519048079506
-0.1872768850183697
0.0803478929829966
0.8512017172517825
-0.9316227615747403
0.9142123024360858
-0.27599442220539605
-0.8469024527957638
0.5394852553275036
0.9532100373032302
-0.15162088092412396
-0.4689102100232685
0.3644467823245694
0.8970461337041238
0.07411451164141325
-0.799560752280218
-0.3722812178387458
-0.9590337892734468
0.19642838767134552
0.9625046395486512
-0.7848001765221753
0.6789123458218584
0.055317828628896226
-0.7399904412986222
-0.3966599518893261
0.7945196452765082
0.7487540580785932
0.5104723834601053
0.581197534689663
0.9446497213255218
-0.4194322153406982
-0.05517945124169832
-0.1557939493475451
-0.4580473065867927
-0.916811781285451
-0.708446173603279
0.2836765386472284
0.9439652805265712
0.8345674602413828
-0.502409446462339
0.6957703945815827
0.011907762187581383
0.26436979021053286
0.4055734419076509
0.9558579434537233
-0.44841405260927325
0.03048093185888945
0.004568633221649465
-0.35755399670060184
0.7155497131287236
0.020650413671648993
0.37112670253924795
-0.4879484165248009
-0.45013713833287294
-0.982146992483244
0.5613755437359942
0.4821878229652945
-0.3295832491506274
0.9898715884605946
-0.25138994774212176
0.7712300070442506
-0.48239237950609426
-0.8379914773754455
0.05981625763928067
0.4057007662048342
-0.5988457457314897
-0.44790138079269903
0.17379343834290117
-0.3955578944640621
0.03386654671729916
-0.11880926576467576
-0.20355059418067856
-0.16326545924148106
-0.18520206511929094
0.8207155474308923
0.24085642912497396
0.8101901898335631
-0.6951806324013123
-0.7550242343414879
0.8031174254509357
0.3660313061484646
0.43979447991621234
0.7928999644521493
-0.795523455112076
0.9689213943917783
0.32858732657275347
-0.7654360716549069
-0.7785674622910572
-0.21288227833801332
-0.8107170423639039
0.058522925571555584
0.28219964226044003
0.4689831989690292
0.7603250974607185
0.5255724623882136
0.5106883799394009
-0.867953242802191
0.000370203324311813
0.311377956234989
0.7153555217111047
-0.9860719485090039
-0.09606064974966655
-0.08362167593014247
0.2701324461307868
0.6632773515710502
0.6016518274957283
-0.7776733096440498
0.021218741745544945
-0.20135588732804566
-0.7452666912856307
-0.2717001764927145
-0.042512445200747706
0.20782878199546406
-0.4520259936206743
0.19441831067919946
-0.6205291989967345
0.40078784402871026
0.8812124634351117
0.017348858332932204
-0.6238443752519498
0.2349477894265044
-0.5505813927502954
-0.32353005798647394
0.9599962072990242
-0.8056134116663951
0.3454131972416843
-0.06662105367916737
-0.44851330146078383
0.7849327721009307
0.5902944902403384
0.2106733056856016
0.9299616104765887
-0.5900691615698934
-0.6902154462732248
-0.010478277619004439
-0.7943359198183302
0.389763192774925
0.7811069895164744
0.7804273569200162
-0.7250153976863496
0.6442449054490771
0.11850085404569155
-0.34534501559812436
0.35734172870884473
0.13962508090500658
0.66558377880819
-0.21209732013760507
-0.45144215067589677
-0.2083264971853045
0.7204960152403519
0.7755451418870847
-0.04926627047177767
0.4257678659944133
-0.1507011645035865
0.1850807031008399
0.2268647323674089
