0.49902612363157006
0.7931474150652569
-0.5303895963762209
0.6751456695945695
0.21815655701067338
0.7937336206949006
-0.24560986695993936
-0.4523952918502112
-0.16840212920342634
-0.43815049192931554
-0.36036296623740793
-0.30892312649299014
-0.018422392157070755
-0.5439732652484444
-0.4102335593640438
0.5033545501658567
0.24799035138890924
-0.7745353023127639
-0.057787312321029516
-0.6243175698260266
-0.5760893309858297
0.41726762688575647
-0.3337108899803689
0.5048019154427728
-0.3203307313075041
0.8073906059365428
0.5740039964966568
0.38330173379391796
0.2310626072942974
0.06951989633232625
-0.017567805205981335
-0.308882343011885
-0.22406599956431217
0.8191162680420119
0.12456687987841208
-0.8444832766211359
0.9034226533216136
-0.1879954231693981
-0.6160887477817558
0.24365192615441034
0.7076957128896026
0.4831672931698998
0.37524603949094737
0.5468085234772349
-0.006899678076793592
-0.8029722076996817
0.37726898552665666
0.7604944856673466
0.41941868761613477
-0.31352565049486625
0.6236562122758986
-0.523237014563098
-0.44902691919298254
-0.9734711548523702
0.34736063901070513
-0.01910419142998676
-0.3031418401479937
-0.6039942565069996
0.03154597312321239
-0.594044050040635
0.798301957562555
0.3646096229604736
-0.9984596957144685
0.7394876053830739
0.42072072724408205
0.1640969613850749
-0.6936066686978559
-0.2488358911958588
0.6298956840717649
-0.18742177215737055
-0.9214835417086404
-0.40848468697218654
0.5690244542511451
0.247382620937042
-0.3394366599586274
0.6961614213806044
0.19339189140232027
0.6733808287307621
0.48783641806128
0.4898857634774052
0.28511432242699386
0.016320762276098355
0.29745143713049593
0.29124700260008973
0.9954449370427998
-0.006627839323946505
0.015362067061025941
0.09637596099479562
0.7163197789348792
0.19661474841770588
-0.20130313005639455
-0.10553440160818939
0.5059572669012493
0.36134668202624987
0.6132529620642784
-0.7355025112170568
-0.8708905561200522
0.8823887650766224
-0.11452623943728124
0.4496266331431571
-0.6832362757729715
0.8298781227263126
-0.7302122647527405
0.32490081185735864
-0.048305539391590324
-0.47102329077450533
-0.2034402569376179
0.2549368955267983
-0.8344202123643027
0.4913524836944876
0.9718581897685119
0.5041574375210616
-0.6057947890098945
-0.9344916672076224
-0.010792169304358445
0.252573708264219
-0.7867113184308565
0.4650266681470152
-0.8025433921980549
-0.32717504645659745
-0.24064458096777575
-0.06675408887259016
0.24335632078036906
-0.44566356121538697
0.4480395493274536
-0.9649758156330273
0.7986891862821006
0.034219565965147414
0.6152766698049275
0.4744202429922024
0.5861764607819657
0.2532992941133845
0.23191273360359999
-0.002703779728042033
-0.4797705460721271
-0.1355075109529027
0.9108217433181531
0.6248093864781825
-0.02271939583755289
0.9219833083355815
-0.35188604056823447
-0.08869988860883793
0.23182846158171855
0.3968760389814876
-0.4345613496939309
0.3736882102704773
0.9013363115515005
-0.8517137191348241
0.6287142379891804
-0.6572747746869791
-0.9492022803420592
-0.5352671431622331
0.022098507581969073
0.680378053698881
0.6740964843891628
-0.2690577120666364
-0.7981540725724343
-0.45910798045034995
0.04085203361609269
0.9369025384409577
0.17237747264934455
0.5362045686738472
0.4669971509465951
0.5571709812569372
-0.2571679627639274
0.8762903533446245
-0.7143114223853992
0.6572830483323773
0.6201758472684611
0.09306504866064014
-0.28773097349508947
0.374987482065841
0.5487348456194951
-0.9602329791584541
0.604578983553921
-0.37401901279974026
0.44535022811022484
0.623716400760024
0.5053027307031603
0.002634649341100248
-0.5385162702023756
-0.24129580251453664
-0.7350824966543685
0.4108985130316547
-0.7674761612878045
0.9247376267712726
-0.14033731599255428
-0.5998850447456561
0.4708538673566425
-0.43326578963491413
-0.5071091167422246
-0.8940461321393594
0.06999596695101595
-0.007297944748200003
0.5458350818832685
-0.41205877973758387
0.46544932566915787
0.4744888393030233
0.16477086331700996
-0.7105480615012825
-0.8706311959322435
-0.4767754925541703
-0.7412826907943442
-0.15250925804406146
-0.4362028545041605
-0.7821202011851858
-0.8097276641114384
-0.8676111747461761
-0.8524816399794284
-0.9224050518798383
-0.3878560880273949
-0.4402083934123726
0.9524343033040588
0.7689418131580299
-0.053539160299873156
0.08577793912708054
-0.9187872404756023
0.40424398294557085
-0.5411723291296904
-0.28845763201601726
0.3525602952568463
0.46445162849766297
0.6235277855759016
-0.6042066358391194
-0.003999031716662493
0.5846679961256551
-0.14062830092682588
-0.8197696342853518
0.529117566785444
0.7789470416370894
0.547539092181333
0.362562430099469
0.43253763517307964
0.5364208507143682
0.28718132142265484
-0.9650299694201443
0.34992237933166237
-0.48666109936699886
0.42488413052949414
-0.7921864822045646
-0.47934372178612783
0.4756610769793306
0.0914240182746493
-0.5262876131887579
0.3279099767627194
-0.7910367162400596
-0.6102328021612584
-0.4470560459809698
-0.7101813040145404
0.9110423861846775
0.19167179974871718
0.13398663351605022
-0.39604379150104685
0.03931763052056003
0.46098497702435925
-0.6468504300180871
0.16330769972803694
0.155370172643577
0.5228369737607805
0.5203938355863362
-0.15489113949301947
-0.9107851648196248
0.2664655183572495
-0.9107684196756693
-0.5464529611505413
