0.46328014377419013
0.9108792794829509
0.6726571126839552
1.0000000000000000
0.40062689887366937
-0.1905225051819541
-0.5112277506732394
-0.6622554010453542
-0.6756175095699916
-0.6130346622906102
-0.19254989398139488
-0.24178825104895335
-0.06855939211514328
0.3834938207852908
0.15818640911555965
0.5164336434407903
0.3109055399086501
0.11859988629641721
-0.2971647998705498
0.6160344132161062
0.6257000152479584
0.73986841708463
0.18902210280563575
0.6374530450017573
0.06215800990781206
-0.6154008142456538
0.09047896969196753
0.95273121860665
-0.14669910538825354
0.3503576105177873
-0.3993893513721185
1.0000000000000000
0.1481559434774083
1.0000000000000000
1.0000000000000000
-0.7915539448690742
0.38324063993894364
0.9391361556615521
1.0000000000000000
0.6180942905008923
0.4318235956859805
-0.20584180244628314
-0.7456799226486917
0.3894121354819877
-0.11386867365225828
0.35362525552345914
-0.2852676488156961
0.13493380313519582
-0.008984573409506424
-0.9328580865493686
0.9550785934698168
-0.4694840265397012
-0.41444114152286315
0.44083308071275173
-0.029335179165392043
0.2971632445178932
-0.05599233555245402
0.38654495252971877
-0.16429566113435057
-0.10638525827149578
0.02024511436919496
-1.0000000000000000
-0.6095397310318955
0.1545227712213169
-1.0000000000000000
0.2804560556693607
-0.3707607494755578
0.20746602907869438
-0.6681124630253307
0.18226428266364922
0.4145256621765823
-0.7619832609848273
0.93150310452771
0.7895196072270575
0.2413566803065432
-0.7240444007876017
0.5784681977649471
0.10565356997724373
-0.3693971042492881
-0.22059223343948176
0.7851449310270809
0.5538591424084083
-1.0000000000000000
-0.6322036383186529
0.05526999541105254
-0.654413420713555
0.20471922421162925
-0.8268454255081985
-0.35197423016475604
-0.4027608451307433
-0.9549980919644153
1.0000000000000000
0.9144751111106698
-0.42771582675516084
0.10310436728603059
0.5308911846456992
-0.6501706085518021
-0.014578545118897737
0.6215503361576906
-0.8854831387525419
0.17348096007935396
0.8303461941842802
0.37478857002357274
0.13685723594529914
-0.8553724574473986
-0.7029840152790092
-0.6758105447286193
-0.2822713240854099
0.6975790561313316
-0.8817013479694279
-0.11121081114088219
0.17024825542493302
0.7317938108291447
0.8821803041985894
0.503958923351015
-0.22708811470493015
0.42348989427051736
0.23243896087954305
-0.6878026736231938
-0.39817293129232867
0.5082209247708916
-0.913551204104258
1.0000000000000000
0.92019658110297
0.39928292283972705
-0.25420470262000305
0.5333873383751647
-0.1784666379549947
-0.7905445605001915
-0.8022224274314257
0.26893184726545644
0.5155624547867381
-0.8282771543656922
0.5624127812734945
0.8504314663874146
-0.22500471958614016
-0.5756969399786243
-0.18477785193037133
-0.050905025834467515
-0.7394770087954512
0.2806265389235818
0.2592215219096909
0.5718178833733125
-0.4448235517226875
-0.13942135089038954
-0.7811317831340404
-0.2813727811105503
-0.5032600962563925
1.0000000000000000
0.9146871590100595
-1.0000000000000000
-0.5834218314668858
-0.7744657582449341
1.0000000000000000
1.0000000000000000
-0.38158916212610183
0.8597017760779154
-0.08079670293110516
-0.18387647538560464
0.8951386915583966
0.14379273774541712
0.3957173712707714
-0.7893967885945251
-0.19937520286770494
0.8077466070918499
0.3473831338776997
0.3092798584600547
-0.4454301034368431
0.0786030898470627
-0.501776840881641
-0.9769904860151875
0.04101864958836651
-0.33796843050067116
0.4467560693550511
0.7788006636803364
0.53349115549956
0.6411641337230402
0.5624709508157424
-0.555657559759465
0.4379393880962703
-0.7451657000389073
-1.0000000000000000
-0.5575124321478626
1.0000000000000000
-0.7665152401604443
-0.3895671947670498
0.3823209254911347
0.8506356209803275
-0.4008967608838525
1.0000000000000000
-0.25031975014679014
-0.9014127087907153
-0.41233905294147255
-0.4653678027391995
0.2834708586830723
0.13619027129343894
-0.15571582772693965
-0.37275398460574194
1.0000000000000000
-1.0000000000000000
0.8037223044665903
-0.19340926129766176
0.4849742557865747
-1.0000000000000000
-0.3427926624712592
-0.8898063102743845
1.0000000000000000
-0.7777391343111234
0.15630297174689112
-0.9489870602366294
0.23375470869650447
-0.3604198058635226
-0.8549724124477429
0.19324818206746158
-0.6355127924726187
-0.5119881138513173
0.28061844907529854
0.7940331803931209
-0.14069955431756553
0.3158261275198234
0.05579164653322656
0.5474454171429717
0.7128838225453931
-0.39291044052433177
0.3468191236965591
0.2983843405158282
-0.20617411242447045
0.7288058731986597
0.5335106567444611
0.3031555663953772
-0.3510082013614315
0.419554863209236
0.47107104101985875
-0.4949020437116485
0.202866923528361
-0.1506384384264292
-0.08475679336268392
0.43442024566292625
-0.1851241198311507
0.535046591331558
0.1779243367801327
-0.1792011473065932
-0.7875199561214385
-1.0000000000000000
0.42841026443728425
0.01003783714010019
1.0000000000000000
0.13495703234855042
0.6602656002090507
0.7157556339181235
0.2877559721724361
-0.06426468209364258
-1.0000000000000000
0.4897041832920937
-0.07640611493277458
-0.8108288212740973
-0.12452665493091064
-0.3830092969208728
0.7627997604541986
-0.3862272286777251
0.8479946795087954
0.19569073564974657
0.7081524186835738
0.45776405294712896
0.3907567174580172
