0.045445050328494926
-0.1462477067992713
0.33163302954938306
-0.615600296435556
-0.31381328759501037
-0.31679772608640616
0.21109850352548715
0.3592145880915901
0.5683006394092741
0.40833261323168013
-0.3277788583228465
-0.46469144989833855
-0.09516710285793288
0.5191140679924707
1.000000000000000
0.09143245441315695
-0.1917343338887343
-0.16843364971682093
-0.36181038774858254
0.32371614734442133
-0.4274769658247256
-0.12383760670424421
1.000000000000000
0.22350499762948417
-0.15916448364494018
0.6446754046146103
0.31119855063427787
0.2903259974753044
0.2700704417096211
-0.37194406707244404
0.21253134411041982
-0.07983969824930935
0.3911991890456711
0.2228157501957632
-0.4484640283095189
0.19978080711307764
-0.5199658502101221
0.15566124997803188
-0.06413118961262271
-0.5204923114393567
0.019917244000660438
0.06719375099683593
-0.32291410041329516
-1.000000000000000
0.5347354231483885
-0.3795178990060937
0.5488777345452991
-0.7765843783894308
0.5986964864149215
-0.38820666483109995
0.43072775767678095
-0.7290850254330672
0.05192138516997709
0.4574057760681955
-0.8427766089045757
0.24104647776963165
0.5712847138688971
-0.0603052383389312
-0.036897552928941216
-0.21391863745105302
0.2645465992895957
-0.04178175927901788
-0.1117577016569718
-0.43856095251113686
0.1552771163391678
0.02057433056279078
-0.6147953525329929
0.2890815853237112
-0.09376623531023792
-0.009171484217941964
0.31800466494257007
-0.030387260577129482
0.5186833653960746
0.1631936747887417
-0.6004001422621335
-0.4348414830247435
0.18915622338798638
0.2631487991474079
-0.24382074934533154
-0.1479491772996872
0.2649729661826105
-0.7900726954214923
0.34446967174122944
-0.36954773200445584
0.09681552602853
0.623678629839638
-0.19015244389592872
0.22875201290413594
0.5943666161374126
0.9513524456041229
-0.23003906170976413
-1.000000000000000
0.5255286067223135
-0.028566076064063566
0.31302982841291616
0.2747672015682613
0.542348541542486
-0.16785418458682438
-0.5167059688659518
-0.4539932959893889
0.04065600620704419
0.5875979119744331
-0.29956028639838705
0.1810597146667383
0.10121623328280438
0.3086687109392987
0.2758778098306828
-0.2625266614349181
-0.34685993408059207
0.761754181643239
0.44803017792592376
0.25864708383357043
-1.000000000000000
-0.32774135111138797
-0.8381261119144384
-0.3065791712864314
-0.03754355289799385
0.23935353974054857
-0.4136144736288415
0.008339318307984189
-0.6400247181052949
-0.04945509379933932
0.4006899627363909
-0.20276237402450575
0.6914435386922807
-0.39277122559113986
0.1669028437791667
-0.7783483155351605
0.07076252453007692
0.2350569322535739
-0.637235088412746
0.31831559861987846
0.9670545222624117
-0.21583765367443378
0.7731006169171843
-0.13263346592706468
0.020049828429306575
0.25388530140537485
-0.4255099270175551
0.10527237206519985
-0.24430315814312856
0.7255025892757171
0.0942622130858334
1.000000000000000
-0.15207234868800973
-0.20593633138291387
-0.25539775780728646
-0.5343663554847748
0.08146938577980851
-0.47107032149071604
0.39799478836077173
0.718149162532741
0.3551701653292786
0.5819420108247448
-0.9101177181908185
0.11336301977381942
-0.04265431010497209
0.8886667639214078
0.2858148072274686
-0.08552482153817172
0.023570082370612637
-1.000000000000000
0.024667810678794994
-0.3914535111306802
-0.7269246651590731
-0.07419271439916636
0.028576739632695226
0.330897067158254
0.007756867854179145
0.354298211590305
-0.2126042451440527
0.617102551750943
-0.6419505132883484
-0.5484617336855071
-0.8242435106598119
0.6682690530141405
-0.817541642759278
0.23718967467010174
-0.4513957919884042
0.7714884183860882
-0.029314543306250107
0.5088223778365983
0.3612092389514787
-0.53397200510412
-0.37009989082929623
-0.7161898743839931
-0.26467331785429804
0.18161374886773898
0.5727847461207375
-0.6634033704317838
0.6115593982847601
-0.19491678430079049
1.000000000000000
0.0354872360416007
-0.0241852171748835
0.22079854837705865
0.2201546064984974
-0.14308065029280592
0.38559023041931184
-0.017187826876029738
0.3732511802372669
0.5000051933860222
-0.10555578806625596
0.9651864092799857
0.409112360481145
-0.4200628872281731
0.17626290533415817
0.5901227842435699
0.4480638520048109
-0.17726750024323323
0.32412864987406176
0.18094018083327718
-0.2921943737381339
-0.03690549338437739
-0.9952868851505371
0.12823893303886777
-0.5563278275516301
0.3314755639415983
-0.22977870083778465
-0.28080728436265767
0.037886245978971556
-0.11858203688505742
-0.4287529360340363
-0.368546357168051
0.3680977755817143
-0.39113776112533527
0.537132221262103
-0.4673200935537043
-0.1023650701753328
0.17109603327072592
-0.18173383269703408
0.23907321668771395
0.06999459877718056
0.3630400065658713
0.7721121096350804
-0.8842148681171283
-0.39079470986132747
-0.5351929388890414
-0.7142731467596782
0.14828501794541082
-0.08055983037613904
-0.6054800505774983
0.08471867944542283
0.004547702391484658
0.16527790262230635
-0.019262804562157544
0.4953066906768958
0.7587109058998915
0.1847072370264673
0.32585566328660054
0.4602085487345964
-0.3924903964135673
-0.27465849021867395
0.5483205920334925
0.6030685372193931
-0.5586720761159463
0.15540619346749546
0.5999374401395519
0.25864033578013756
0.3978397577828797
0.30692966982879116
0.8807677056937171
0.23585620823976428
0.24891534107313856
-0.15782176482014568
