-0.0064893700439447866
-0.728402819293847
-0.34061158247479295
0.7369436634524205
0.9604034967877565
-0.34029896842699153
0.6050612492467414
0.45186873577054415
0.2284687460419899
-0.8480697765052001
-0.9615432976354221
-0.2785743505033046
-0.9667710124283176
0.2606511813884077
0.02205937841616237
-0.22217866756443766
-0.3908935873187336
0.39866712642612406
-0.31485245892365843
-1.000000000000000
-0.008482170193707943
-0.651407693166354
-0.49986987248862214
0.9493751716021274
-0.02662901721743989
0.39495621960778293
-0.9375086459776233
-0.8444533767407518
0.16552697431215038
0.4557566500969007
0.394178686712405
-0.20826619093833415
0.07841257012482712
-0.640956621939102
0.5455792019805997
0.38951971991188694
0.8671671777369341
0.906778589969814
0.6209065016112298
-0.7082475220461294
-0.43599743765655125
0.05705063617485496
-0.42911882756535236
-0.4438179958475227
0.658335438653283
-0.2893867669275819
0.0610670905134358
-0.026878813741818344
0.5129805619564699
0.625164187602308
-0.059367340303343424
0.6970981413626123
0.4824313411196538
-0.2717251435966697
0.8197544688130044
-0.20925914396167994
-0.06091612828776112
0.4742446539419517
-0.4631535752316519
0.5055434350328529
0.09850227693411143
-1.000000000000000
-0.9210713883229953
-0.22240012425745537
0.03596517359424298
-0.8199612105243205
-0.22475996673978604
-0.2786894610639991
0.4303385414417583
0.5734518947668876
0.4311383501991867
-0.23304280831605065
0.9422960207363476
0.31544600534729766
0.5047118638496937
-0.08260633294715214
-0.6414394241343437
0.1265892802476709
0.4895706699553066
-0.0790587026582151
0.7907128131632019
0.8452821513638423
-0.5961102042533127
0.8735449012557903
-0.783513177005735
0.485119408664137
0.46164668891444827
-0.6251542098493542
-0.14614908127339174
-0.5464170561860549
0.09640112646195637
0.745539997082111
0.7927516347081196
-0.14815697948487289
-0.20046690133827813
-0.7271785213645251
-0.1510190892785938
0.4268125066772359
-0.8554787415025086
0.7978107879848467
-0.09155806984599689
-0.3944697332677324
0.43356733545616133
-0.5503236756895131
-0.25673937031948507
0.9219394219993273
0.6491027038157674
0.9129558447215015
0.47232445405710166
-0.6111863102908026
0.3721202376846465
0.39975858235745554
0.29892452699044647
-0.3895108682960704
0.1091015292566552
0.4157871450712778
0.03689416173607457
0.011531285126465155
0.6934081894256487
0.4185864962485764
-0.41754289599094
0.3048762670066992
-0.7944480125775102
0.90393477611577
0.7715038182567738
0.8109861433165063
-0.5944254962114638
-0.5801680758870965
0.10452615787389888
-0.3863948006965537
0.5972069577989244
-0.49040265580576853
0.12819013025119905
0.9032239809964933
-0.9560780990542622
0.6871175983467348
-0.4277789301387796
0.8711732299557459
0.20926509853334338
-0.5698191353956349
0.5339765131926599
-0.28586991277121826
-0.8099252833259813
-0.265385851618522
-0.6008500450970151
-1.000000000000000
-0.7324427601423751
0.0329572626503129
0.01691776223160557
0.31961177654315515
-0.07810905780110235
-0.8820502604698147
-0.43355537071879885
-0.6852099782925952
-0.2717838708646806
0.7502485263975863
-0.8484056277876427
-0.31953532779400295
-0.873409724921499
0.13492050170013795
1.000000000000000
0.946530766070711
0.852500262822052
0.38073285607919805
0.5032993966092103
0.5116804565628623
-0.3442238339041142
0.031440070356015634
0.6513859020565207
0.19883405073261223
0.04268043933520049
0.9566235528288138
0.8569252445242834
-0.24589810564916018
0.49837904063374244
0.2809073855528392
0.5247826896703824
-0.31224438196180726
0.2702600029748844
0.15964143969916783
-0.8368710575213093
0.6010239170680569
-0.9908535440840633
-0.2310454340286072
0.2014258448950395
0.34312616824353076
-0.1658423985384619
-0.759495011553995
-0.49166324890661933
0.010524411054370818
0.018743252224925483
-0.213354794215713
-0.7311842805961263
-0.046565903398733316
0.4883427302190533
0.5923259489392985
0.12574805574722217
-0.8322862004807662
-0.43201700950302857
0.12310539500865003
-0.05330398116890165
0.267371939142647
0.6885708172242166
0.351565943482151
-0.3353987063315335
-0.8802706478961881
-0.6811643277179559
0.5546351796911652
-0.3265056056279205
-0.5726580310526357
-0.26879048423543295
1.000000000000000
0.5932267003911591
0.4411080211925178
-0.6363641878360141
0.6800724307347545
-0.3707080338106484
0.027293096249778
0.2849034054217335
0.5807774323502216
0.23435932207258428
0.2160587602190326
0.7079609556505166
0.6648876896210972
0.6570030202295143
0.19010044683219748
0.20392876949108243
0.6243256838155532
-0.4488051807145756
-0.509098759776333
-0.8369570667630074
-0.8552103463160756
-0.8582751354410887
-0.45355761133032396
0.33247243767358203
-0.8219943395962093
0.4203671568181357
-0.013217704392447025
-0.6806510426954385
-0.6269910746508633
1.000000000000000
0.9216546295749566
-0.2828413270560588
-0.9182534433324475
0.783251425986293
0.012153017651022106
-0.8419437325104211
0.6567549937479074
-0.04871377524157233
0.304670533682304
0.7760912534009664
-0.7925117008658619
0.7681534128186065
0.6693636789339321
0.42614490538115724
-0.27265919067446653
-0.07128641109096606
0.7418263047579531
0.8298537954290433
0.797375935962302
-0.942540634716695
-0.8609843818622108
-0.30855871327911705
-0.07909719641012437
-0.2665306100615536
