-0.5730539296703865
-0.14094499831776147
0.3707804180498228
0.6383176744607539
0.04643582952600874
-0.17144730360367097
0.21161119789169208
0.1601680952370146
0.6921191131172646
0.241826542402197
0.40934596338894436
0.3198994509517068
0.6159518373193282
0.5055463390820528
-0.3027330091565276
0.036566344853784336
0.7227186249683367
0.2495699598333787
0.9836739120821333
0.34025930816893474
0.1392653984449731
-0.5217715319261839
0.5872671606445916
0.11275162259397697
-0.23126621611150067
0.34168561648654877
0.23051657441644424
-0.8914178535214442
0.028015006090297015
-0.2429777525886606
-0.303985677323148
0.5038536901324889
-1.000000000000000
0.34519913416150366
0.32153035823224
-0.6602236227007822
0.017955335202447242
0.7003596076646995
0.4177626052527633
0.15252158263777246
0.6643996387276665
-0.8995923477296461
0.6601906281265849
-0.28433137577061274
0.29518373229685635
0.44471979135229855
-0.512140073452362
-0.6084076378370525
-0.706167216624716
0.4271340557227564
0.36623471846142547
0.39572235573171066
-0.23550284269841185
0.5159054723738619
0.23260642092622924
-0.6550236611530366
0.3018976463815766
-0.22674585661098576
-0.10182869241928172
0.04988790435298548
0.2941142808936342
0.17089803728430716
-0.7584452914152755
-0.4612748847960901
0.019651611994258626
0.6593305367029199
-0.0415180781177905
-0.6796620368474118
0.316493469125964
-0.11584223364508628
0.0331271746178384
0.32789941151427904
-0.26925737997512833
-0.1824951193879482
0.19245121236697849
-0.15003011686266332
0.599824035350313
-0.31892749040844504
-0.1845020962138563
0.05196885411600642
0.16101544753334496
-0.1648778611513667
-0.32540365967332013
0.47602798890661857
0.14809827431623046
-0.299531110939915
-0.2074151944316733
0.2072322427769998
-0.01706491811639986
-0.15339862456096032
0.13773447648139667
0.32260765061894553
0.043549094469805844
0.6345362896526879
-0.15601653795728848
-0.23330690758866823
0.17648176539451366
0.1492154406017648
-0.8499759693732319
-0.15773896943880386
0.3351616192839756
-0.08989842372841421
0.6872880723451273
0.09007650951441817
-0.23413512358878547
-0.26601450708514185
-0.31911498663755183
-0.5943695350081135
0.28197368527649996
-0.9498927721960158
0.1636212868799497
0.37119689212973717
-0.16630156034627094
0.07192533966612119
-0.9402276809506868
-0.06620747159280323
0.22474596246426548
0.6419492171146017
0.7022428851053217
-0.23663578191654228
-0.46439273017652016
-0.012812287364230832
0.3382257424421938
-0.4852248798353437
0.5610236531925671
-0.7724752914211938
-0.13576146328521074
0.2693482268268025
-0.2588206764494105
-0.15286410718129823
0.25391906167659284
-0.12763078313105297
0.04179273927048279
-0.8731935406368109
0.048804582858114676
0.5674536667578972
0.4121382921667022
-0.18405402974059343
-0.426637240531229
0.8835949218257322
0.11031976067375565
-0.2577119262205373
0.3594880411732817
-0.3801438673460147
-0.371123483189239
-0.08974490503007934
1.000000000000000
0.20176172606186749
0.18997168287311467
-0.01930407098454103
0.7024286628573208
0.9207967493421478
-0.2701625410861945
-0.2846458464860007
-0.14645324955534905
-0.04856970482999341
0.5143226927447304
-0.11061776927714376
-0.21660007152335053
-0.5070368763752918
1.000000000000000
0.27832314028500377
-0.07362997257333025
-0.35304227327687593
-0.15335242633416477
0.21811188323381575
0.19006527052781313
0.34744552573668186
1.000000000000000
0.1472906110168883
-0.5177749302773689
-0.023429006103805494
-0.26790304859476294
0.07151087180881494
-0.8184009724818673
-0.7902775234745744
-0.44026093437831815
0.2380837489374711
0.5449275083435219
0.39088198403032126
-0.14249742673893012
0.05325692358944095
0.24373016286253113
-0.0561440942851259
-0.22847207730904642
0.5141861503001613
-0.33101185119870086
-0.08553213063616591
-0.38097849204227446
0.6929410304864859
0.3823831482500537
0.27623748236021606
0.8530569672295668
0.4006917293667986
0.18374692740382742
0.552942324248048
0.5108890932865758
0.45509782624343875
0.0840354912132662
-0.5769049069395241
-0.411212745493389
-0.09532364747926299
-0.5205640842795501
-0.23413870964102398
-0.23204165691185485
0.786978316284369
0.4381773661018874
-0.23249262970875267
0.356233227805263
-0.6434367329586413
-0.2484153528898642
0.061273560881780556
0.037860599391455016
1.000000000000000
0.2700452404160504
0.022326059995081103
0.38628887472139445
-0.24554297200601055
0.05069700313254301
0.25893277446592955
-0.0534406032539398
-0.2093276959348464
-0.7890146327579611
-0.5315633936453524
0.6592599250872204
0.570707063907073
-0.12294304016360937
0.6704475955197837
0.5467622308428385
0.2421394075617993
-0.6893567769016532
0.2221473950136414
-0.739542599211603
0.3540846007904549
-0.07521586521850994
0.03153039583032885
-0.40951078673689173
-0.05127202596117736
-0.69654225828114
-0.047926100287276625
-0.6795504755667642
-0.31036405114104854
-0.38200263231122944
0.5973621550978779
-0.5573366168192629
0.23899847787227987
-0.015138899647145626
0.8377112866268135
-0.1912360589793939
-0.27138955139111176
0.48698708376506206
-0.3183193057502872
1.000000000000000
0.3686230923922337
0.2821509564122786
-0.33086196962335124
0.37072586988325723
-0.2629173369752236
0.1046343067754859
-0.357040925267507
0.006334242332310783
-0.28527405981482634
0.16835612452039325
-0.07737563911918173
0.5590554725786684
