0.610156333674792
-0.6131783725174031
-0.32241523836444574
-0.593285616792936
0.63623152051848
-0.11336582025205319
-0.41764809402982744
-0.9941432572980797
0.39485635207638714
-0.268625975969578
0.38579985082706125
-0.834754390131122
0.8435598839968895
-0.5500224787922878
-0.3492099331459774
0.3803534860619205
-0.8192160091897152
-0.5054811680939338
0.7530015229278881
0.5783616381563311
0.02270627244496437
-0.22543059297311893
-0.5996629091695765
-0.2778858144401674
0.655760182784602
0.026604652889413945
-0.5102737878079653
-0.8866029265666077
-0.012396753155363746
0.05626434405199048
0.5015809553281346
0.27156571136902546
-0.628818865515749
0.8566964788061525
-0.5613385179413712
-0.3157100961122405
0.4925981012409476
-0.3453611620850457
-0.2748927367924724
0.08056135961903524
-0.22409940108727233
0.11892372870630238
0.4873690610365533
0.010168450213937641
0.7737437946305865
-0.5559511677394415
0.7828680126137171
0.8305097283226408
0.3686593885990297
0.6888382878088803
0.24011391281241473
0.47556431838104446
0.5650088382883139
0.3365777593654023
-0.15699103708612022
-0.503241491714241
-0.5438099374235092
0.18802424883336258
0.19682217648431893
-0.3147814886884535
0.3242223327075797
0.6168651736263531
0.46959812375758514
-0.05279905922153047
0.8855453659681359
0.7624163290425846
-0.6526010633974143
-0.5836686645105015
0.31760160777358537
-0.0651353079410081
-0.236141833947469
0.6362503665502445
-0.41201268966597016
0.47642386160645894
-0.274671532827088
0.8416211860504454
0.549085028923346
-0.25104034415684257
0.427515015189585
-0.7846288168771435
-0.12730179326054375
-0.016546858259091368
-0.12092227687148603
-0.7639110869659917
-0.06139555644307855
-0.20961041571153843
0.9605724116767121
0.18663077612044054
0.28225920472884136
0.8361774366771847
-0.5015450885617447
0.6103394305427138
0.22701196339227359
-0.6707167913639092
0.37011403156936845
-0.7971009190103617
-0.6879801801131027
0.2882323024823307
0.2740347421372025
1.0000000000000000
-0.10605332900254028
-0.23009876708824428
-0.2144217857315321
-0.9065850033294914
-0.638502028089968
0.9263367744351659
0.3946043396435781
-0.9651101410282623
-0.6467146867462169
0.4582736898352827
-0.6563517903696878
-0.09358111076844072
0.5684439321777162
-0.020578804923709365
1.0000000000000000
0.5070230623927071
0.4072570992410544
-0.6778557245490174
0.44646416136623707
0.1974763461928276
0.2842712788425143
-0.42987930001682645
-0.482950704651122
-0.13428169947525725
0.06631974387730157
-0.3893325213843353
0.19409821671212443
-0.36239421840758335
-0.46834644385921
0.6344534176121445
-0.31919849524044697
-0.569820732494055
0.7932538353974621
0.27670531880961535
0.0030609209187135167
-0.6816573808700132
-0.6449102797749271
-0.24320500424062158
0.48174606454649954
1.0000000000000000
0.6742587793654717
-0.9663005946192736
-0.2783944506537862
-0.09878641283805722
0.561496803702586
-0.5330922163516121
0.13481505911011393
-0.05887180238080633
0.29167794106777856
-0.5163036243218765
-0.3962488905178316
0.8117770578037504
-0.7682524563692095
0.02330301050436849
-0.4265211161253384
-0.19817443318251454
0.7123662091855502
0.42462702220538917
0.025307944847776303
0.21569346251825017
-0.266564634086225
-0.904082776960956
-1.0000000000000000
-0.2641276377000682
-0.7006479980860348
0.3881883015720262
-0.08946084541293939
0.5674643716071532
0.16815546070949727
-0.40062253603728804
0.4036700811938968
-0.6967095899479268
-0.3967673404940522
0.5468874063533266
-0.0494923186561348
0.30119286404627466
-0.023644933865151874
0.5371854033063702
-0.28427100848627485
0.1656447572946686
-0.17633902853358424
-0.5439485251848415
-0.3856778516827939
-0.8307922705193028
0.6666023340507253
-0.7947647281681207
-0.23179426700081868
-0.22276357999220814
-0.3223792661939042
0.2218606697186625
-0.7787273369876285
0.3639057825201417
0.2008454613634143
-0.8840660415772261
0.886171131930046
0.19030653567112077
0.2978050120024102
0.6593877601182768
-0.08762787948594433
0.49103999695629025
0.4339700210981932
-0.28325883792562934
-0.5504654517069755
-0.08297451198134573
-0.6358325757423086
-0.3043848596530059
0.23810621748548977
-0.50321927274368
0.35426986879299
-0.1946904720578408
-0.3636617581448907
-0.31433795875749015
-0.2456886037330085
1.0000000000000000
1.0000000000000000
0.08354289260336979
0.6183474493475507
-0.17509630457039832
0.4870327256211233
-0.9332189897737784
0.2969018278087338
0.08828525936957529
-0.5653610586280469
-0.2045100553366601
-0.1343415265446798
0.5530003623514019
0.5183111726674975
-0.431013285008251
0.4483541679563221
0.10915858583807644
-0.16444333177938192
0.1868666883650561
0.11135292168560891
0.8338749368448326
-0.4172239760839598
-0.16260641182738853
-0.7340890435106295
0.5839991590373866
0.3740655334176436
0.5920805865020031
1.0000000000000000
-0.7052368498925797
0.4038637566782176
-0.5350921400819514
0.3141809765862572
0.21223202038067723
0.1054035681228994
-0.09982980500193578
0.5268861451308218
0.17022005352440295
0.04469098531354854
0.47437579143550535
0.3835097868592102
0.23975584679802325
-0.373040832875812
-0.502783600182095
0.6133475502254808
-0.2736470374252386
0.15037223885970136
-0.03264618859427485
-0.2917588613794862
0.026047122614075463
0.5237083907933466
-0.15829812012388328
0.4133952531945842
