-0.25128358428997133
0.3551434591679463
0.3065098411012932
0.10242135460635972
-0.7120349367841394
-0.3756639778623281
-0.822970610236717
-0.6956613062369331
0.3830326821420018
0.010006365060826514
0.3295203756739268
-0.5574681943985107
-0.3150531808944489
0.7042013900605336
-0.01717928799046789
-0.40270778806395857
0.47094680106647324
-0.5399392120144166
0.21964308046967523
-0.8406915144359027
0.3085381809151885
0.09288995220186425
-0.2876386684459217
0.5960197362521451
0.29428133875741125
0.18940916443247724
0.202936668986949
0.35079964647046885
0.30190038620256
-0.6026624860278447
-0.4368782056367828
0.20553615250187363
0.2382908410228688
-0.3065516891621966
0.4021630154773865
-0.1867191069412478
-0.08990394348303815
0.08391647276437414
-0.6264284749162814
-0.17886289836692715
-0.45419993275937276
-0.38277645337420824
-0.5401254786487752
0.08892589633942383
-0.30573867681964034
0.2525676400964205
0.15741481794828935
-0.27155435385429505
0.3694888957327437
0.6849479205003992
-0.07282222284547261
-0.11009600408178502
0.3113527513849438
0.5382172301465062
-0.1343090511206902
0.08886867387027646
0.16156931621625945
0.1943738337002434
0.019790518761882106
-0.0674090529127226
-0.27043517796942074
0.5366202981473296
0.3735656778468499
-0.029947681243753133
0.03572633186280176
-0.3366875019125463
-0.17446119427132423
0.07222969468423435
0.05824718944094879
-0.6497126113182075
0.22489431689689454
-0.029566101321987975
-0.5765264524478618
0.21036118634453693
0.49177172872136843
0.016682425018205077
0.3218465244217932
-0.21753363972931047
-0.5232357596272844
-0.17634552551255034
0.09244365785340597
0.1770911928471649
0.3767179684740757
0.15574093565482883
0.30247049300716716
0.5361555717118759
0.28146669838601035
0.7227535165904762
0.0629261538387073
0.12914434959888788
0.26072202953524515
0.12929500087739543
0.5501653149308958
0.04400904890662308
0.21580620958245605
0.256784240655068
-0.1321502833457755
0.23481390909859454
-0.4010973153671612
-0.08712488403760518
0.022809861559728334
0.07936483939061485
0.2881509767198683
0.04054987559804257
0.2246800478689705
0.24384261504623975
0.37430591888959863
0.7455961718387054
-0.11550251950722216
0.5137876471618753
-0.01776484685613689
0.7095582063369834
-0.17444188407822697
-0.18481690364984138
0.2700782378292033
-0.7075270306632139
-0.14407488859290718
0.006185463732698398
-0.007191224895329459
0.20070157998910507
0.16499140828943376
0.28041277237704754
0.03511249227324048
-0.6760673114738401
0.3661326897927353
-0.2536088809972822
-0.4094375757787131
0.21005086943648227
0.3350339791598362
-0.1291285415927606
0.22360649446509795
0.12390544046925778
0.6578980305272851
-0.1445695292237809
-0.6561612475091503
-0.2619823940277376
-0.021580239624018643
0.3464481009814128
-0.06121644068889209
-0.13849446859654804
0.17416026420123748
-0.16103102052855395
0.10404503534312642
0.3523474172689273
0.08796092664084712
0.8298522632802977
0.11519208539308484
0.11709704029315746
0.028967700900426746
-0.6551633562007738
0.21862846115452034
0.23693250289359624
-0.1277007018319875
0.27813801398215976
-0.019018850845733598
-0.14514724966779688
0.255231905222373
0.034805835316666006
0.12088580230562262
-0.12693001387292102
-0.07003624806084552
0.2124389739199668
0.3322268828027052
0.242977744287303
-0.8222534649414297
0.11177340906862027
-0.1894723507339385
0.4621813892657328
0.07824696057097483
0.16137246058731847
-0.22886639898707883
0.07915598635751321
-0.2932364222806312
0.6119395844647166
-0.3821866420414699
-0.26375411124549497
-0.1726686814070983
-0.21844687275997235
0.4287749823433108
-0.2008338201322125
0.5577994490349264
-0.24011762911219858
0.9748063005158919
0.15271499887544265
0.14907971827686334
0.07044804173049979
0.10568893038837171
0.5422277078050572
-0.526779227390052
-0.03536344985533349
-0.4705311916069467
0.49767249815651027
0.03606544095826825
-0.011525530906177181
0.03169801077991284
0.2659827931607017
0.10641729410857698
-0.2157735372291053
0.1153435961921294
-0.35379885210993167
-0.23800773434387174
0.3925707084909934
-0.5466713849075294
0.614762251923436
-0.24449181005211293
0.013224500266213218
-0.9489220526200152
0.46732189820837167
-0.5183405484783539
-0.18968860486410155
-0.033815578571446986
-0.35123045134782555
-0.39032625718191105
0.05876167078130201
-0.01624828796219889
-0.3013478699085118
-0.3630902872900724
-0.47831702959342653
-0.5704497206089874
0.8154020536961099
-0.36813815914548376
0.04190426435322178
-0.1361384798815791
-0.012646377159034772
-0.417810587938586
-0.3785089107388713
0.3091591270850571
-0.22740424525870095
-0.1572499290534719
-0.15661930348670866
-0.43118842515988975
0.24228724607103472
-0.2582447445652683
-0.043851519790993915
-0.09196192959845408
0.007126992433358098
-0.963536015765887
0.41034409970951435
0.5026125616136975
0.06978228679892953
-0.19107921004210215
-0.15898491249812863
0.3238918678308655
0.20742616611417003
0.09759844535147748
0.855409732838144
0.7909205337933007
-0.25690858574124187
0.03790157446391032
0.5211356715184865
0.012401476108468645
0.15994396077969103
-0.31743159500331775
0.742163133318342
-0.45357067777749327
0.07772556475361339
-0.12466476535250953
0.7675369620367061
-0.07275981377879832
-0.00915010600212307
0.14865386949924225
0.36935355769445466
0.36577180754008265
-0.639725206124963
0.42077726807948357
