0.7256659701138191
-0.6253664811513547
-0.45484850219379286
-0.5110173897972655
-0.1923528199059424
-0.5418118168807102
-0.7213327715282003
-0.4986306470601596
-0.24558141669386468
-1.000000000000000
-0.9700608403011021
-0.3448769026202255
-0.19828610006604647
-0.32659315414770346
-0.15266718861573408
0.41053844852572685
-0.11883757820659976
0.037909245980500064
-0.9017910205479996
-0.5654236169614049
0.7545919809284005
-0.39434361727990586
-0.5076677497353362
-0.3899509435018346
0.7744935442602395
0.8324639325557094
1.000000000000000
-0.3873314927752102
-0.8604344574018388
-0.08699385833138536
-0.2996057402240825
-0.39901255628303867
0.3310191482222161
-0.47545062136786975
0.7762137527972621
-0.5632316829472547
0.3351794342657719
-0.7762635632665769
-0.09864508694960433
0.5215567985734093
-0.25720731744090897
0.21742966465874208
-0.846726465103917
-0.5553560368638444
0.48084548965965934
0.6437956923274144
1.000000000000000
-0.06645794140514596
0.1765283099908107
0.2669215698232577
-0.4887630624584659
1.000000000000000
0.446360832467511
0.47533356088027306
-0.7364738930526099
-0.489646164715268
-0.7192375355319965
0.9915870744902915
0.7570776944106872
-0.5802728825700758
0.4989652113932811
0.3227261171475403
0.7028253103160579
0.07549053261564354
-0.7646216045599763
-0.8091946267983925
-0.09319474994099677
-0.4868282462161632
-0.2953617086008452
0.7053228122478408
-0.42280009615400294
-0.4548797812769041
0.13682268773367712
-0.5900325680913666
0.7446343091834142
-0.3545917690286142
-0.855047158200463
0.49200685138157624
0.1563886790919719
-0.9692971132689373
-0.8366007028897
0.3200867073804778
-0.5533769366140494
-0.8265374014957887
-0.18658559360423332
0.08022163884479402
0.05429768120756436
-0.12138171787798237
-0.47371264955321774
0.7961835645306582
0.2746947914933205
-0.047550219473567364
0.029502015983204177
0.7269766103944655
-0.6101852050623244
0.2310039763141597
0.6067277038629812
-0.6007942409248848
0.020330385722521594
-0.7038060726467974
-0.07495056644702552
-0.9734204102149262
0.7553156453865401
-0.7385455160549385
-0.40864135091673215
0.392764014419663
0.9627414451360524
0.6970077257509857
-0.7057957479221406
-0.647254028221247
-0.9826659311799432
-0.7871635724539975
-0.912182975379125
0.9269580925798178
-0.70979029925738
-0.5954058412153411
-0.3935115454206711
0.4434910978344956
-0.43206103826802456
0.978342200051885
-0.5884240813092485
0.8982539517820867
-0.2610705179855409
-0.7057572698072119
-0.0945433148826289
-0.059439418142417044
-0.858175977774155
-0.155723895808695
0.2692104687312259
0.458476487262817
0.11438270635947181
-0.03103893755042267
-0.07811400971599332
0.005483460941939633
-0.5770265931615338
-0.44663423408185615
-0.3355296515648766
-0.7836141830994514
-0.0261492744425352
0.17596796614467386
-0.40611113170364527
0.1777854515857138
-0.4892592452477523
0.31108540909033905
-0.9450473272506659
0.525806088419587
-0.9750273656806105
0.15000327052071083
0.07770581545645039
0.9984653615672457
0.8066544117382919
-0.5026199005426196
0.128268740555784
0.7112006653222674
-0.17131881218683503
0.24819473422260838
-0.010669060026500886
-0.9869233923413139
-0.36062086737774046
0.440432309371374
0.6966394106988036
0.7148062300719562
0.13040106793836276
0.833152548578675
-0.7667328922839742
-0.37315780044258906
-0.7718004396402386
-0.5853954320928674
-0.30417566109510197
0.7680674711334868
0.8959973245303712
-0.5642005254909201
-0.4189954830828735
0.2875805783452191
0.22743982743457042
0.9172268022782991
0.959973343350224
0.05954948651489381
0.3687935048760566
-0.7975962094870225
0.15249996987525777
0.49722538183382803
0.5673158326292411
-0.6151989116074766
0.6989666477684741
0.5101393050474803
-0.48807941092797674
0.7387947432759745
-0.9509610689475776
-0.4663217999603619
-0.452339514621512
0.0007335413701956978
0.0965829722580408
0.00606738991002668
0.24238477935182373
-0.8616807445954481
-0.7078112962071724
-0.5998863220388292
-0.9456587470333664
0.6734250646174642
-0.8869238367099364
0.007428393636369594
1.000000000000000
0.4980517671998913
0.979920609797488
-0.7629132353716569
-0.3917543622671492
0.42541741203380573
0.015241821295978467
0.9255342075958266
-1.000000000000000
0.042879705815324694
-0.26706255638171295
0.42739956873637974
-0.09266692462454017
0.8342855933987501
-0.49263009628333504
0.3434865342548994
-0.7654938924654533
-0.8482377107557295
-0.5377584280148339
-1.000000000000000
-0.4168071502350409
0.05573134148784652
-0.6517136933525153
0.7066865799169828
-1.000000000000000
0.2506180959923262
0.789934394403681
0.47879627303060646
-0.04626885564375518
0.47318308258422564
-0.4106867152482703
0.34955150188841555
-0.7217054770764065
-0.17701896888675905
0.9495245499731995
-0.20577306117008393
-0.26673817596665916
1.000000000000000
0.9143981274018647
-0.485148615071408
0.1225997817058378
0.5228760884660224
0.8805473739528649
0.47025071500249116
0.5216056377047184
0.5411344578356932
0.5425935206826801
-0.4468390118861335
-0.2287100238748334
-0.6681331859216959
1.000000000000000
0.09894059193657113
0.5453652859434087
0.7430052000372692
-0.914846296159036
-0.046234006490443735
0.4379289008145689
0.9182740703831217
-0.7586423833948935
0.33389404577927406
-0.8189786712089204
-0.1251443793043272
0.44770059478915136
