0.7847827313554786
0.03340593928756025
0.39851290816341467
0.12233479878208553
-0.12305231082418697
-0.24225881635553453
-0.4632664015134108
0.24629051337166863
0.2194628094239525
0.4446509154216226
0.15959795739380261
-0.1312167074526909
0.47657892368580734
0.12905154718387224
-0.6475575765213291
-0.33677924991667846
0.12446240859171942
-0.044656137069968044
-0.5931907960075951
0.17584804346467528
-0.37130756451348956
-0.5657723865296096
0.7011997255225735
-0.4387979030552255
0.05081937843769996
0.17851747313422478
-0.11964471080956014
-0.6918180397024352
0.8203661095573161
0.029860982105343936
0.6231648352946366
0.44826816306178063
-0.027441011828286017
-0.010693470274695013
-0.48628056571286804
-0.7725608415700959
-0.2922333355159255
0.18099260042508372
0.3482835523268952
-0.1599140715795018
-0.22011840888008444
0.383701631772832
0.24804092641246173
-0.055189915180207556
-0.8934315978401658
-0.24101376875389652
1.0000000000000000
0.005977776153539616
0.12441365905356984
-0.7678656002053824
-0.6365710878939294
-0.2949959131585049
0.13711875646769872
0.36430699229011887
0.4582494199457292
0.12347734058841706
0.27644861973523355
0.22555738472584305
-0.711214183916783
0.1277690978222885
-0.7565767790301872
0.6421569323962331
0.05497137138330599
-1.0000000000000000
-0.03464208544499832
0.21379992439593914
0.21772537479531812
-0.028038108784852037
0.23427077642662175
-0.47666679471032625
-0.13943445291787204
0.5594959440611778
-0.6104988167378438
-0.33825914985277145
-0.6837412515144875
-0.1484895523165387
0.6650982530682364
0.4044949334467086
-0.21281443766505687
0.3131354462687796
-0.2057966391704566
-0.1554030022891706
-0.050492857303492907
0.8265148109046608
-0.518431890295771
0.29097072498387155
0.2814875195484374
0.7262108635469595
-0.01579134562032541
-0.6413120640661347
-0.4225940864356881
-0.5124513875995295
0.08347677501967504
-0.3672099446711339
-0.11402744417203664
0.5468955122751169
0.5230184577355298
0.5615530400171864
-0.18713941940391643
0.6451573345630347
-0.18469171720076677
0.3616109938910796
-0.37783962244115815
-0.14301758355742894
0.719504023150061
-0.353705097191116
0.19999109878368446
-0.6069045872836573
-0.7953010996598694
-0.36185139694373647
0.6134666388640081
-0.9720268977708738
-0.7798563279179181
-0.17200295929936038
0.727006198145275
0.4563169760223958
0.23981804454217082
-0.7049141724831719
-0.38695346530594327
0.2912211510229411
-0.28761151631747595
0.09937801740064303
0.07614205071117844
-0.19079991724702755
0.6825282873957323
0.5567813596611236
0.493558835826718
-0.7145105344752297
-0.18491651813082355
0.6703476344351411
1.0000000000000000
-0.20270137872836516
0.7199039396589793
0.4322643386393171
-0.47330925662993456
-0.2827684244035154
0.19076524834861114
-0.24202199816498216
-0.4960635596062686
0.3656518579639499
0.07010011886028479
0.621874278619992
0.245414096886103
-0.26297049770574166
-0.24619714483803384
0.6526685935966002
-0.21367985154856375
-0.4647391846590383
-0.08118455184701712
-1.0000000000000000
0.4617464629983266
0.0852723013237349
0.5565859882504546
-0.006940078829480584
0.6272538245076155
-0.42080490917471747
-0.16285943973553255
-0.382408680967238
-0.11569975715594602
0.18684276576548803
0.2378986836831285
0.36315916471452137
-0.40853586685903454
-0.09892595073881515
-0.3132090837819921
0.7813242889279608
0.3986899746533282
-0.638307936385531
-0.7519860720115162
0.2733977253906518
0.6235628870944888
-0.5978435207009705
0.35875513232603107
0.35721667520513123
-0.33368759575473445
0.6840667200281301
0.0042036779049842155
0.07567020232233673
-0.7793137182452052
-0.37873708147461305
-0.19655698265203153
-0.5137677257752502
-0.47561217578871307
-0.7828491252209421
0.16328439069315748
0.6136793202367152
-0.3433717269082309
-0.2673403664463416
-0.17465154765501179
-0.347796068524616
0.03661236605543873
0.6100448332926197
0.6888659264634486
0.032592136776999014
0.3651246384921947
-0.062050349208668594
-0.015499313300551765
-0.014876670111934692
0.09406850942794642
0.9508654324631207
-0.3271052913915983
0.49993686724804415
0.04443971813714301
-0.6250687400178803
-0.16085800344647996
-0.36350194127007285
0.9515132953643732
-0.1999395308482378
-0.4354570692987084
-0.33631203945011434
0.497288877133857
0.18190153989785077
-1.0000000000000000
-0.06760078309355258
-0.31560541679994464
-1.0000000000000000
-0.15262029733350485
-0.4024028938706374
0.661999463995782
-0.8324730422396887
0.05246041396561771
-0.03329422776305967
-0.5890650154108856
0.6089447847544354
0.45087827166059435
-1.0000000000000000
0.384590927475175
0.0815039548211757
0.6779485348417122
-0.003455265431242485
0.29071587365489815
-0.4209151594998449
0.25620612310561497
0.13326183014621693
0.44853619855603893
-0.22475990980739385
-0.12461448153988314
-0.2284906483841955
-0.03419449095335531
-0.23136442859254072
-0.45110784954706484
-0.42736027580407776
-0.9908370939366248
0.0360483845813479
-0.6079814810199994
0.5904596385784739
0.6220264281258309
0.3113304970033607
0.46569172183849994
-0.21240955799439112
0.7368839104661601
-0.1710335976999444
0.5769501386515217
0.5889459259727753
0.14121386520575474
0.3909367127694901
0.672664251663397
0.1316409520168582
0.24515520640835797
-0.6823956181159974
-0.43688900036346273
0.5335426836810422
0.07965089314014909
0.04119918042046127
0.1496943965918024
