1.0000000000000000
0.7102371318364108
0.4412763527454763
-0.3746126977220604
0.10269188501668505
-0.6421012314571264
0.5527191029980673
-0.0741122868358853
0.9668382680751005
0.8379926011069816
-0.5202911829853611
1.0000000000000000
-1.0000000000000000
1.0000000000000000
-0.6489339344135595
0.14338102526859325
0.25681875902087314
-0.8479559576932927
0.9715899194675623
0.7421665527047566
-0.05130620505754896
0.4563768020150539
0.5320922828397409
-0.6974144564835101
0.7173731079861579
-0.26591372313721773
-0.15069235571104678
-0.9230819407990372
0.5288697848886068
-0.3331706624142825
0.46385813605197307
0.2586102386760107
-0.11060941662795512
-0.013346830760212355
0.7406174912162012
0.06300855816724643
-0.2575679120730725
0.6292167486952177
-0.5869370056434444
-0.40121642012820263
-1.0000000000000000
-1.0000000000000000
1.0000000000000000
0.3668739863765437
0.4285705298588008
0.7605491753759197
-0.7960769712301996
0.4352146184356682
0.8076726912770217
-0.1982715172161854
0.06336365794632247
0.2626619796090909
1.0000000000000000
0.6982401017393662
0.8764963560524537
0.8396070943427774
-0.7593092900882081
0.7365615729056488
0.3754567412827371
0.5395188100052954
-0.30963356657906393
-0.5611224005001654
-0.4488348819459653
-1.0000000000000000
0.4747189146673767
0.9474500266637693
0.9313487663394049
0.5124050964354828
-0.5507206601843574
0.14376798078299874
0.06355219332706001
-0.2346958206722081
0.32862947151528915
-0.41823833988248715
0.21089270974790816
1.0000000000000000
-0.8041229627420703
-1.0000000000000000
-0.264436163236686
-0.398700536911794
-0.6930559086499473
0.47850216994253947
0.8098551801171641
-0.2885733572454471
-0.37639814331875
0.2586465686628602
-0.3170369323987626
0.2205647031727484
-1.0000000000000000
-0.8838128050636107
-0.8850393981632269
0.3692294723352142
-0.1413750224480155
0.9785998036589939
-0.3436998124701413
0.17887184070495782
0.009534595389422001
0.33822976488950385
0.30668860266451453
0.3240935168688693
-0.5837449373823848
-0.7105431102855647
-0.8680169958827344
0.5286725562339002
-0.5133887988885086
-0.49432473117498404
-0.9406955031751763
-0.5771619630344234
-1.0000000000000000
-0.5165784994039393
-0.7311705379466975
-0.3327146226008133
0.9631353321344931
-0.025368344745524775
-1.0000000000000000
1.0000000000000000
0.7235557041716324
0.48858663675525804
-0.9343866257861523
-0.5448683723096646
0.04299838104083996
0.4382707632790357
0.9867534901669659
-0.9366466145648605
-0.541304260338147
0.14468249641603498
0.04409604696308056
-0.42680100122615033
0.7749711181686715
-0.7471231308775925
-0.6820737771322121
1.0000000000000000
-0.8273581801125497
0.38151033710719173
0.01611425028355344
0.9897783573104179
0.4683584587819773
-0.45408035297139493
0.41637345959230954
0.686629348511145
0.10061004037352925
-0.7729703405770512
0.5183305983453224
0.3465398462242582
0.32185081588434056
0.9748730251585166
-0.9490986405105688
-1.0000000000000000
-0.31428854405337364
-0.1097375414454917
-0.012918536932659735
0.24171203970686816
0.42751584302188317
-0.35981251793071634
0.3425315513303442
0.1413457147459793
-0.5455052581888384
-0.3501509253585703
0.8437626758673298
-0.7892907132042912
0.39363041727843684
-0.6017146094418859
-0.4340638539720888
0.46063794569729477
0.45829838587087884
0.3764660246640189
-0.4439746869605713
0.02141118752139888
1.0000000000000000
-0.265692910377763
0.313082817954708
-0.026710648907494815
0.4361226852574005
0.14320437308666892
0.4963679734526251
0.6397996591088029
0.07290428342736324
0.861653566948334
-0.6098935731579428
0.07855367158887883
-1.0000000000000000
0.436720389532924
0.13861961999280126
-1.0000000000000000
-0.4256942029835723
0.26567494911451484
-1.0000000000000000
0.5181226581743903
0.9695194448851591
-0.08849007544329954
-0.36756144912526034
-0.3457002784715416
0.07755811750794354
0.39845030690464994
-0.16525483938511865
0.5187292335852925
0.758528131518942
-0.9316297482897911
-0.08271847699049156
0.6909606264460768
0.6921458770978451
-0.4032626884002157
0.4744088430419364
0.1141348886028477
-0.19503914970085234
-0.023139276729591554
-0.860078464417584
-0.2141149875541121
-0.8821979641701159
0.14797729994018677
0.5509565623163039
0.27106063417984777
0.9119956088502637
-0.2689631192361578
-0.5209529617201826
-0.9272127554261821
-0.1720689564624928
0.8406671057584383
-1.0000000000000000
-0.5192450340657806
0.5502517389327537
-0.28708007542127206
-0.17344152579383337
-0.9611347171576112
0.42564302291457645
-1.0000000000000000
0.21627823949459601
-0.14436879082334864
0.42272383021194
1.0000000000000000
-0.7137973033445958
0.7156398272732568
-1.0000000000000000
0.589069577022168
-0.5465376285176136
-0.9663162182569989
0.8902318090720619
0.7093350042999549
0.48356732745854464
1.0000000000000000
0.31304484453695763
-0.47509867480486345
0.19102811289750726
1.0000000000000000
0.8806137131941423
0.49223083928950684
0.8870283152078267
-0.7960412613396635
0.8864341806352475
-0.4317131919001024
0.7319915285164952
-0.959654055653156
-0.8933699817049412
-0.3223023341648072
0.7275748588921263
-0.786194680004261
-0.8540580510104488
-0.07229115923554819
0.03798704135727024
-0.14488537695015058
0.8879533353640182
-0.13668880586503004
0.2628686582454681
0.2441533517184025
0.395538944528773
