0.7766838088843391
0.17723070252113796
-0.20229223270247726
0.5815071451482464
0.025658163005862766
0.5296805804047214
-0.031665776797865614
0.3968844810339388
0.7377740149790979
-0.06726677499219808
0.7918587746683604
0.039675139393285846
0.3589150030725368
0.18439199949027174
-0.2237587722311073
0.33404987947209513
0.3648975421079577
-0.460389132497794
-0.8267577690576654
0.23499110126514175
0.07593374982582321
0.5024392121395832
0.19046539510283955
0.2405596169175293
-0.3156394592220758
0.13635841663841403
0.191511609966116
-0.007005627681946319
0.10640969800297738
-0.1529033131611255
-0.2491229526532724
0.04852422492704711
-0.2946842182402995
0.019743709874463847
0.23882558450722313
0.5269311097354099
-0.05550814279647116
0.46689611642265566
-0.6462981850310516
0.5305464732928917
-0.01709867627296012
0.5940063938494621
-0.12578242264870065
0.6386098280815702
-0.5684753507546723
0.7426572963061918
-0.6956383125605704
0.5804796326777832
0.7857989845433845
0.8621802326460168
0.19435968996336636
-0.5791951731186922
0.5449154987426297
0.041304352549539985
-0.22007110993584184
0.07520289862323017
0.3586886623257667
0.4043961171016315
-0.025808032173738026
0.031120504097502395
-0.4671601719977517
-0.1675308867462658
0.32049355183903316
-0.283304515265005
-0.35436749695187697
-0.10822751247579723
0.3710721167561607
0.5662769769192922
-0.5998528011173103
0.009616232204745834
-0.34735049874951285
0.5915479533287338
0.540293058837802
0.331181617719737
-0.140177951754289
0.3877705890705587
-0.5189205648965084
-0.06446607436234761
0.3576009066457935
0.6760531143983886
0.22653524086297924
0.07799722236396911
0.39240157229100925
-0.2593495470801669
0.2472553226607633
-0.575959150149707
-0.7438855994891909
-0.0460329314088285
-0.22960955816144046
-0.1648871210442025
-0.5536712406822248
0.23860230043723543
-0.47946687154175766
-0.06185000153102024
-0.8435344349841012
0.5312225880173209
0.14353451653795607
0.1536437811914486
0.05049022574797167
0.30760233091250727
0.4063067300093901
-0.46711441260494946
0.25291096691526244
-0.6061166216715421
-0.0864154714948048
0.7758988541698375
-0.1388548600822796
-0.5078178128809445
0.2523998700573378
0.3721283403078709
0.34099820039598866
-0.05783918518546166
-0.2815142333347652
-0.03862913644452533
0.06769542977304951
0.005617704080773087
-0.1573831632383718
-0.532740767061206
0.34520896826454284
0.4928232281554273
0.20024348919736007
-0.6160235327791607
-0.9344206830904719
-0.0787688313219022
0.811840539073664
0.4530191068874394
0.05156433322773929
0.28815442008271724
-0.24512570106678522
0.06829664184096584
0.895518359658941
-0.12120371166734191
-0.6044909034669547
-0.03384647750587794
0.561410219772004
0.5130477032017463
-0.04390914377472854
0.7330842357258729
0.8602822287406972
-0.4179911150658379
-0.2622520352885571
-1.0000000000000000
-0.22035263000631697
-0.3696646998492501
-0.3387069433397785
0.264385790320285
0.21545872397939164
-0.7004698341601555
0.19194697311074488
0.49243374597034006
-0.5788613911873168
0.2564487851196857
-0.1442954263741804
-0.4034499775523356
-0.3683786009245905
-0.17625991702336152
0.019924750291841473
0.16622524795197252
0.06734245114887927
0.4628605694470366
-0.5690108417514875
-0.1293498357156159
0.5742437003586272
0.0793792815613597
-0.8062086998771244
0.18121757739833408
0.03940074450363043
-0.46421836183648957
0.8643785757109234
0.049326833331667985
0.7970067932798677
-0.779020924444261
-0.05495069123250133
-0.15549865662040258
0.2332659820645167
0.05887387622967927
0.02384796559410745
-0.3033644055512501
0.2843971080467247
-0.7469399913718229
0.3298592216566125
-0.2066458966871953
-0.2857965541426739
0.009167807605907866
0.21375379223773333
0.1293437429998461
-0.16022430802621768
-0.059415439974755443
0.791743052934943
0.8473385869671994
-0.39373316912445333
0.2045088297315014
-0.5834257705087028
0.031410201841675506
-0.25457127867201695
-0.06907459986304007
-0.755539875657848
-0.3657481437781759
-0.8374677645715856
1.0000000000000000
-0.497874285840686
-0.16491521109532364
-0.8281724273012996
0.18469855538502827
0.7853085832568876
-0.5698969529078534
-0.4760779497778587
-0.7454779436500931
-0.11193297997657291
-0.17795024368045329
0.3721724099982777
-0.18135500008660677
0.5426452672592621
-0.06944139277837381
0.6925302853124231
0.03535573978740057
0.3720930770819673
0.037162139114821656
-0.17883221936938865
0.2901096877089212
-0.07117347239349738
-0.0694719819006383
0.22815292114910093
0.3118549704739074
0.45031070238390136
-0.5629042218643117
-0.5718641503553243
-0.08749760137341907
-0.3979711956168379
-0.47132898760205166
0.28845450138435064
-0.5857190123981009
0.33822133944024024
0.18741834250229378
-0.11785655102156034
0.10343745706780366
1.0000000000000000
0.9042318815984363
-0.35265196182436764
-0.32705319609129324
-0.9472373817160822
-0.6099292128969149
-0.3753331573491541
0.016879600641313518
-0.08888464153546893
-0.2415280608204219
-0.7891492171345704
-0.33556040522972863
0.10221654202033366
0.04112603777206207
0.6742518145215981
-0.42695308319213504
-0.35223369565073526
-0.19897696718034447
-0.315938832729029
0.3188831603338934
-0.2868888763716287
-0.2216262320859105
0.09252171225947217
-0.2989027966253439
-0.48489527501269947
-0.007287999532922987
0.005568385052043656
0.6454234363529344
-0.16174124048088645
