0.8088439458741152
0.06856934980866036
-0.7010443326091402
0.23367640058892314
-0.02993289572933433
0.0482260590074568
-0.6945670805135544
0.36991056419135915
0.23367640058892314
0.41591015184898517
0.9549671267479911
-0.9389118256157569
0.9188320242407264
-0.5686389941380683
-0.43456615911623175
0.4548517185588099
0.9549671267479911
-0.8118745279577364
-0.025002665061158558
-0.34545936157284207
0.36991056419135915
0.8470588581239067
-0.1398894744784125
0.4068337097346897
0.2199613325058547
-0.6507282559608958
-0.7416323754943819
-0.21860575836667695
0.9723843341900209
-0.1601663523293697
-0.6597417763817592
0.7928289163368298
-0.965821519070454
0.20885482805512456
0.8523606387580553
-0.33194018514407286
-0.0020698779247054766
-0.7941648764422884
0.9188320242407264
-0.33194018514407286
-0.4349940343155614
0.8088439458741152
0.20885482805512456
-0.6568145412533581
-0.8625229251062023
-0.06011713180832179
0.5311817081331422
0.005094553609614971
0.14494367829520116
0.17682042931534037
-0.9415755907694827
0.5968122304794017
0.014239904336705411
-0.7805354865057885
-0.5810905112061053
0.8854586209111579
-0.6868308443624598
-0.3630770447919329
0.009390993233418632
0.9660237249082593
0.6238734063473217
-0.4464646174578937
-0.9389118256157569
-0.5358934495035732
-0.7982634666373922
-0.9914178336170005
0.9766719546150553
-0.21860575836667695
-0.9677150241806498
0.2199613325058547
0.43980625246866256
-0.2642040209376135
-0.8118745279577364
0.8632369542807357
0.8708894421032409
0.8200478449702648
0.6754121232609829
0.9766719546150553
0.19520724693692681
0.9765821443352896
0.43980625246866256
-0.11376497635044758
0.005094553609614971
-0.7005035331990292
0.6231275834998489
0.40092538215314444
-0.3704221818655824
0.8809329264914345
0.17682042931534037
0.40092538215314444
-0.7221644871167567
0.005094553609614971
-0.43456615911623175
-0.7183816337864093
0.005094553609614971
-0.7416323754943819
0.5336950405599845
0.3549728557041929
-0.42716286930387004
-0.6325662428293668
-0.03915606180343589
-0.5810905112061053
-0.5358934495035732
-0.4840615472044214
-0.08972127096960647
-0.9033380144987364
0.16046573337933356
0.9723843341900209
-0.11376497635044758
-0.3704221818655824
-0.23060898218835635
-0.4739707967626545
0.009390993233418632
0.09707688591347252
-0.8779059692191449
0.014239904336705411
-0.4739707967626545
0.19520724693692681
0.19181172522094614
0.014239904336705411
0.16226055770141268
-0.6507282559608958
-0.21073409166983148
-0.7941648764422884
0.5437343537932893
-0.965821519070454
0.8365795612211966
0.8708894421032409
-0.0020698779247054766
-0.8118745279577364
0.4548517185588099
-0.2846361527578889
-0.5940890865343971
-0.06011713180832179
-0.8922192685167076
