0.8428709705929576
-0.08453624477999022
0.07796037430978298
-0.4264980234743847
-0.08731858131685066
0.8428709705929576
0.008097479450090761
-0.16425416030650486
0.6775066892647337
-0.40786354125357205
0.30924608958185784
0.9392899939809736
-0.07243817095650029
-0.40786354125357205
0.6775066892647337
0.6775066892647337
0.49241568908486366
-0.9107515577834673
-0.602570184885675
0.6775066892647337
0.07796037430978298
0.8100043653608513
0.7572581119108182
-0.4264980234743847
-0.47064658024035677
-0.5901563665177809
0.3266380980056378
-0.03280083352651775
0.6775066892647337
0.7695765140530109
-0.4264980234743847
-0.5135543957145936
-0.602570184885675
0.3266356942750197
-0.47064658024035677
-0.5541965695893196
-0.602570184885675
-0.9603209777558874
0.8813193746239747
0.4928084600565348
-0.602570184885675
-0.5763500936318255
-0.602570184885675
0.7951408501972197
-0.5135543957145936
-0.08453624477999022
-0.3907834339471863
0.22750674741517285
0.8508909251167753
-0.5901563665177809
0.798299288857145
0.8428709705929576
0.11320109588388139
-0.9603209777558874
-0.16425416030650486
0.6775066892647337
0.11320109588388139
-0.42823740680593625
0.6094355385483394
0.7695765140530109
-0.14403655238343016
0.8428709705929576
0.8100043653608513
0.11320109588388139
0.27964942844634466
0.350398928993247
-0.5135543957145936
-0.9724901722702886
0.008097479450090761
-0.5135543957145936
-0.7007255277320912
-0.16425416030650486
-0.9107515577834673
-0.14403655238343016
-0.5135543957145936
-0.8855886984570218
0.11320109588388139
-0.25519250318270226
0.8428709705929576
0.350398928993247
-0.3670510070410029
-0.6853737866743219
-0.09123475186987928
0.09751874276232075
0.6775066892647337
0.350398928993247
-0.26051542894136914
-0.3907834339471863
-0.09123475186987928
-0.25519250318270226
-0.8265475708037051
-0.15087975863433134
0.6775066892647337
0.11320109588388139
-0.07243817095650029
0.4928084600565348
-0.0868585980890706
0.09751874276232075
0.8428709705929576
0.3551124918339863
-0.40094092391461356
-0.40094092391461356
0.3266356942750197
-0.4264980234743847
0.350398928993247
-0.09123475186987928
-0.07700195684521716
0.7572581119108182
-0.0868585980890706
-0.03280083352651775
-0.5901563665177809
-0.09123475186987928
-0.3670510070410029
0.6094355385483394
-0.40786354125357205
-0.42823740680593625
0.30924608958185784
0.3235380227232172
-0.47064658024035677
0.6775066892647337
0.7572581119108182
-0.7211289665725356
0.6775066892647337
-0.602570184885675
-0.26051542894136914
-0.0868585980890706
-0.0868585980890706
-0.09123475186987928
0.350398928993247
-0.602570184885675
-0.47739003059341134
-0.08731858131685066
0.09751874276232075
0.8813193746239747
0.7695765140530109
