0.15225721657713942
-0.512419140574168
-0.28279387692633473
-0.5979171892536783
-0.9276719993884668
-0.9580899819317867
0.26391312448688864
0.21915547359996768
0.9000928004582256
-0.6197335231409424
-0.551261313378665
0.48834661885960307
-0.9626383835557129
0.7002947245727698
-0.13879702878487898
-0.398590679860761
0.48834661885960307
0.3689128636626209
0.10695993774018486
-0.7712104796185517
0.5484369707310719
-0.49311390351640694
0.7483815166173451
-0.8152176671596041
0.18606243399986822
-0.8117038346169347
-0.9580899819317867
0.46098202432110513
-0.8420431527627363
-0.24025985153760776
0.580112881458472
-0.5677197580804116
0.9407767382424621
0.8463052316805786
-0.6580281211123011
-0.551261313378665
-0.8512134141526546
-0.8079354591756216
-0.88481631659224
0.3256031566353641
0.18606243399986822
-0.28279387692633473
0.6540809339501146
0.5112409544401235
-0.8152176671596041
0.6254809307511366
0.4985116366423421
0.9137545946667787
0.4498527901824185
-0.7354964243811226
-0.512419140574168
-0.38514481129228173
-0.7784555994601781
-0.31729318278129126
-0.20179478793738048
-0.06439501156212768
0.3256031566353641
0.5112409544401235
0.6853716117222455
0.7295705608323064
0.7999232861386221
0.8111880288990738
-0.20221757270497376
0.29716879611477
0.4908277017874909
-0.7701558502086263
0.11593459486569024
-0.8986566669022076
-0.5349365420032974
-0.11478983504591023
0.15225721657713942
-0.8834252801858111
-0.551261313378665
-0.14220698502504714
-0.8808753157791476
-0.35123100411603314
-0.40883206620412715
0.2867573053693673
-0.4583731305163643
0.7999232861386221
-0.06439501156212768
-0.7245152158882446
-0.2763495021790259
0.6254809307511366
0.11415872102185953
-0.3727525106370946
-0.8676939580001422
-0.9276719993884668
-0.7256669155199038
-0.037079108262562555
-0.4931111127593055
0.15225721657713942
0.21915547359996768
0.7164475860097417
-0.9036923697412311
0.29716879611477
-0.9580899819317867
-0.3727525106370946
-0.8512134141526546
0.5469632828341342
0.7164475860097417
0.34579552754374165
-0.11231535456232877
0.6242833463454456
0.6694001739275821
-0.3271974114214755
0.580112881458472
-0.5677197580804116
-0.2527365798247083
-0.6972183775716081
0.6853716117222455
0.9435741562622988
0.21321766329982328
0.25498107952394156
0.9407767382424621
0.6315139114343626
0.5726675133108035
0.7164475860097417
0.9393725203353138
-0.7712104796185517
0.11593459486569024
-0.3271974114214755
-0.9036923697412311
0.8921100873384518
-0.7245152158882446
-0.3271974114214755
0.6853716117222455
-0.4931111127593055
0.7483815166173451
-0.4586899916404723
0.3312502365095993
0.9938523302451543
0.19217461500449629
0.883996794093149
0.4242335787675746
