0.12514226024933972
0.826141550281148
0.019726113290285507
-0.3406214661636102
-0.3056832427800962
-0.8526524771700594
0.9023695088464605
0.08333516516252915
0.2551535960557778
-0.7713563566075443
0.10747655982186988
0.019726113290285507
-0.28774270599768537
-0.07983868583602716
0.543104017894934
0.9740441251190195
0.7975441601908764
-0.6663039995186328
0.48668492176688094
-0.18803187035928715
0.6525679006238536
0.04713829233957334
-0.4773268670458508
0.5511814272273021
0.17779499985477476
0.35995797466024415
-0.5124248498472583
0.7969851370288306
0.7483939025656152
0.9525484816672167
0.7319367908223344
-0.8526524771700594
-0.7874868521700771
0.242886233876759
0.508669278413943
0.7969851370288306
0.2216812730611979
-0.3056832427800962
-0.9109340047137275
-0.15185537268394422
-0.706457193257777
0.04713829233957334
0.48668492176688094
0.2216812730611979
0.4610915803598943
0.24357279086934014
0.35995797466024415
-0.5851590213624329
0.5525531903272938
0.5525531903272938
-0.3820743335339576
0.03454804417955759
-0.07983868583602716
0.1574606505040843
-0.7874868521700771
0.011350339066034998
-0.07214370924177338
0.5215218101836083
-0.6195931141577682
0.7483939025656152
0.2551535960557778
-0.3406214661636102
0.9525484816672167
0.019726113290285507
0.12514226024933972
0.508669278413943
0.9525484816672167
0.17779499985477476
-0.7713563566075443
0.9740441251190195
0.24357279086934014
-0.15185537268394422
-0.18803187035928715
-0.2551837379824575
0.6525679006238536
0.48668492176688094
0.826141550281148
0.508669278413943
0.12514226024933972
-0.005643288739447305
0.9838044608746332
-0.5851590213624329
0.508669278413943
-0.3406214661636102
0.7319367908223344
-0.4773268670458508
0.2216812730611979
-0.2551837379824575
0.2216812730611979
-0.09307298642370054
0.35995797466024415
-0.908600546519404
0.2321821920296283
0.7417613568305854
-0.3056832427800962
0.9023695088464605
0.1574606505040843
0.9742515114539401
0.2551535960557778
0.7483939025656152
0.03454804417955759
-0.7874868521700771
0.1574606505040843
0.2551535960557778
0.5511814272273021
0.6525679006238536
-0.525501290382905
-0.07983868583602716
0.9525484816672167
0.019726113290285507
-0.8424498191060381
-0.6663039995186328
-0.3056832427800962
0.08333516516252915
0.08333516516252915
-0.07214370924177338
0.08333516516252915
0.5215218101836083
-0.7251218170942593
0.2216812730611979
0.7483939025656152
0.8748244277327475
0.12514226024933972
0.7572973323446417
-0.9352897750708644
0.12514226024933972
-0.706457193257777
-0.8158357738980064
0.04713829233957334
-0.6195931141577682
-0.8526524771700594
0.1143907678906888
0.9525484816672167
0.5525531903272938
-0.3820743335339576
