-0.3937391936709591
-0.2540508817008671
-0.07538687629294571
-0.411280169728951
0.7527904496863955
-0.40701874992652476
-0.1144646074751976
0.016600871034539333
0.5160621084043162
0.04807723600110392
-0.9888637694442279
-0.3907983884143824
-0.6892886995340577
-0.00616452425807279
0.7532882757003594
-0.11101635702512125
-0.9026361265716318
-0.42836805674169165
0.4674569318100139
0.42168204307281965
0.5893317632076958
-0.40701874992652476
0.36807689658927023
0.6714295368938386
0.7527904496863955
-0.3061325913738535
-0.7070911732153928
-0.9026361265716318
-0.3061325913738535
0.9659146624237451
-0.40701874992652476
-0.9026361265716318
0.086009208887174
0.9659146624237451
0.3845262339798521
0.745555570087824
-0.9864607416038902
-0.42752976854916946
0.5814244473331793
-0.13718238026304097
-0.013570130053501606
-0.5602765824540865
0.6373091127892401
-0.3851818213627838
0.9659146624237451
-0.07538687629294571
0.54424013015805
-0.8171699806931609
0.6180498293843864
-0.40701874992652476
0.6714295368938386
-0.8171699806931609
-0.11101635702512125
0.13472694893581294
0.6180498293843864
0.745555570087824
-0.3061325913738535
0.293320600009338
-0.7256764687925426
0.497968160982174
0.8685997628310638
0.7532882757003594
0.870017165983773
-0.7843607681399227
-0.3515289216644426
-0.6892886995340577
0.5327591618781127
0.3949030772397535
0.3305079745029038
0.11123760654991943
0.3949030772397535
-0.6849286787781128
0.3431850447622322
0.4898434047471232
0.016600871034539333
-0.5707555578773045
-0.07538687629294571
0.8319710122508623
0.7532882757003594
0.6714295368938386
0.3111409863849117
-0.3907983884143824
0.293320600009338
0.7905653767500962
-0.2540508817008671
-0.13718238026304097
-0.5707555578773045
-0.411280169728951
-0.1144646074751976
0.9279553498773956
0.3394478536361176
-0.008704012782557946
0.47017665317699575
0.6180498293843864
-0.3224950141910379
0.6326134031132418
-0.8105874967289461
0.497968160982174
0.6125122501992455
0.3949030772397535
0.3394478536361176
0.6943337002815697
-0.4055368671009172
0.6951161013742218
-0.09975745730562502
-0.7410080769268781
-0.3907983884143824
-0.2013240905376712
0.9548846262138546
-0.00616452425807279
-0.7456524948390257
0.11123760654991943
0.7527904496863955
0.293320600009338
-0.6849286787781128
-0.3061325913738535
-0.6722548786103222
-0.2500863159258073
-0.3515289216644426
0.7527904496863955
-0.40701874992652476
-0.4070416381450117
0.36807689658927023
-0.13718238026304097
-0.13718238026304097
0.4618916993430242
0.016600871034539333
-0.1144646074751976
0.7905653767500962
0.3394478536361176
0.7905653767500962
-0.27400754772878266
-0.2540508817008671
0.870017165983773
0.1100254331413284
