0.7296616443405357
-0.985411722708132
-0.44697441309298
-0.5859965384555881
0.6202517800187421
0.6565465034052596
0.47714072696755383
-0.4139484921034049
-0.4844311025154602
-0.4175079067291845
-0.936929821754217
-0.7743223401430337
0.9516642771953017
0.6349347436644401
-0.9529443897778931
0.5132401508052786
-0.8736678392817883
0.8697019446346723
-0.4159347259686852
-0.7713652234230486
-0.0061763402782522014
0.983926893671319
-0.2722569887712101
-0.055808563292508495
-0.7756052973803866
0.45267918591997613
-0.6026012180103042
0.32225749769070156
-0.10065641891509736
0.5024486891342397
0.5963694759339282
-0.6314114749885866
0.5827839617049808
-0.4120547134963486
-0.5580732353195605
-0.4081417171865953
0.6008214867595911
-0.8679162399417231
0.5132401508052786
-0.44697441309298
0.17966033190839292
0.6725973053853673
0.926936174598674
-0.5859965384555881
-0.8736678392817883
0.6070302288323695
-0.18222019254115707
0.9653207811019879
0.3201694650753153
-0.5556224283769842
-0.553287053852171
-0.3531815537350993
-0.31631789784990993
0.17389914973123388
0.5658248860622219
0.7312434344733183
0.6565465034052596
-0.013956778274565762
0.24976631821457373
0.3625400187966188
-0.990176622124036
0.8003907342829395
-0.4108817881485318
-0.6353808305641317
-0.6354358125584896
-0.174452811315021
0.7968512183621534
-0.4429301601050528
-0.6278434080456752
-0.7756052973803866
0.09680676918036202
0.5658248860622219
0.3023248730756203
-0.46808124505927884
0.2645800124828248
0.9624316233274837
0.7546605715570742
0.8003907342829395
-0.3446745757790386
0.2132124994723228
0.01996969146891381
0.8037636571171034
-0.4081417171865953
-0.5353630567121204
0.9926758014769748
-0.2733373221114317
-0.25301795544206995
0.5870790521799123
-0.6354358125584896
0.36649744153726416
0.5355387732824213
-0.7377423576527411
-0.7713652234230486
-0.9663798973904094
-0.4108817881485318
0.7651750971307312
0.9653207811019879
-0.5893124818319078
0.7312413717204143
0.1386691006705374
0.13330866921335582
-0.14789754550390688
-0.9651424840319243
0.8374204679902848
-0.7188826656710503
0.14086364653468308
0.19487199422430646
0.9478175921363869
0.11783115826102408
0.8224548824212403
-0.5556224283769842
0.32225749769070156
0.3949587976705238
0.04925057557088364
-0.5580732353195605
-0.8309703685621455
-0.37156136411254703
0.5822511885806616
0.34196063158685996
-0.4120547134963486
-0.31631789784990993
-0.6861708124310542
0.6725973053853673
0.6996184821083233
-0.95396811439059
0.8341153011675482
0.9313885647880178
-0.19304725913650778
0.5587633655684119
-0.9482912298881447
-0.7373264552051741
-0.8640709425501774
-0.38569111629542796
0.3744992985710969
0.6629744960556203
