-0.6874779281433345
0.15092051359577008
0.23327813593607316
-0.7002600127700855
-0.830856324607778
0.8083880200923634
-0.23544432271252824
0.039295687759481224
0.17070854611407182
0.6564889117384711
-0.5017799311573505
0.9969757140243076
0.17070854611407182
-0.2034279233410643
0.43697542517911736
0.7914690058573994
-0.10489761134646791
-0.4263811837800764
0.9416880279447737
0.6318264022856126
0.9348270985218983
-0.46354905612750463
-0.4232661561981528
-0.20482237165166461
-0.17207722720365948
-0.8185358187283815
-0.6874779281433345
0.8906136705945833
-0.21695137865733716
-0.5017799311573505
0.6564889117384711
0.19161548776950887
0.8665176891843056
-0.21695137865733716
-0.20982022055190508
0.23222608277243784
-0.3032857239088713
-0.10489761134646791
-0.46354905612750463
0.6318264022856126
-0.9253826977421813
-0.9163767738986546
0.17236972675229323
0.389808004327062
-0.23544432271252824
0.9737111739700213
0.23327813593607316
0.7788618163943419
0.4622000137917719
-0.20982022055190508
-0.4263811837800764
0.17024881731579744
-0.7071849895542013
-0.8351075167927324
0.898948704846156
0.4168787616301166
-0.33638241669611224
-0.24218228959974608
0.8906136705945833
0.11375132051198755
-0.1620695159379264
0.3495153183909314
0.8298087304788455
-0.47996779628732056
-0.36945218078880093
-0.8001884667099464
-0.541138211130338
-0.10012738177920322
-0.10012738177920322
0.4168787616301166
-0.4794190575725934
-0.5065422662348149
0.39771376710899364
0.3994407243419531
0.13130498749968833
-0.6995221280662134
0.03023308516175538
-0.6810390866689588
-0.9967382367286335
0.4704174992585708
-0.2034279233410643
0.11580285775689991
0.33973051907302954
0.5646199103775689
0.8808142987470005
-0.7259360065551885
-0.3796323307403284
-0.218706481902873
-0.2911353217907122
0.4704174992585708
-0.6249727770057298
0.9254511596003241
0.42195613908378227
-0.3032857239088713
-0.9882231939445034
0.6435082385569271
0.1222034065125146
-0.5531567541954416
0.13749932767762552
0.7416094926955077
0.8503936176611249
-0.921469813497158
0.15234334362750768
0.0951933854517033
0.947169067882746
-0.9882231939445034
0.15092051359577008
0.8735146499414683
0.960347862976102
0.5890883815015526
0.4436467736276386
-0.9416127667863192
-0.26890916469836457
0.0694008245403257
0.7416094926955077
-0.2024514959034429
-0.1494971950078947
-0.6313090612311716
-0.6249727770057298
0.33973051907302954
-0.3796323307403284
0.23222608277243784
0.650872957584655
-0.1620695159379264
-0.6847787693519252
0.16665663362070693
0.42195613908378227
0.8415722796893332
-0.2966672355822946
-0.5963624099528038
-0.3270766039065036
-0.8607703470385104
-0.17529393341027188
0.9927325323845897
-0.08700826693870933
