0.7917925661882548
-0.21355541220544105
0.8361578544484674
-0.0028670422933914086
0.5738326018336939
-0.06434711583388308
0.20807325676535693
-0.23560939763785393
0.7220944078435763
0.24955061884212681
-0.8220553934976829
-0.4884126604370187
-0.23101782869909226
-0.11165688087443515
0.24509119450572903
-0.2804302607397362
-0.09294470009392053
0.9691922560813957
0.332203774171683
-0.11165688087443515
-0.6576678815601482
-0.23101782869909226
0.4497199107538823
-0.09294470009392053
-0.5908251211105175
-0.21355541220544105
0.8911874594302363
-0.5283180437348056
-0.5751573614124033
0.6967153512848832
-0.13037842429924007
0.05535241632340826
0.8361578544484674
-0.9983622234585787
0.8911874594302363
-0.2804302607397362
0.31089157710590554
0.5653724875672184
0.7857651569922179
-0.5751573614124033
0.20807325676535693
0.4497199107538823
-0.6298207194478527
-0.3534096648120042
-0.1495718290631971
-0.10920063742940123
-0.8694783956467522
0.8193831610385716
-0.5572395709255318
0.5151044452834084
0.7917925661882548
-0.21355541220544105
0.8875313663248083
0.8260114734405464
0.3631525362528254
-0.5908251211105175
-0.5908251211105175
-0.8220553934976829
-0.25464186068109185
-0.3534096648120042
0.13142979775897845
0.8066589623688258
0.9020763560831726
-0.9895814131909975
0.8361578544484674
0.9691922560813957
0.07240015050372084
-0.13037842429924007
-0.4357751525892468
0.13142979775897845
-0.9219578412709519
-0.5283180437348056
0.23116370066034708
0.6413063094017448
-0.9638070320112655
-0.9638070320112655
0.9040797522597153
0.01829172473509577
-0.4139515272300971
0.07240015050372084
0.08851548413948662
0.9393413287508687
0.332203774171683
0.9040797522597153
0.3883470170976979
0.8399679344725863
0.5738326018336939
0.5108736431770475
-0.8497082944285106
0.7220944078435763
-0.6298207194478527
0.4629312001384316
-0.33174187866861815
-0.6577483041507783
0.7917925661882548
-0.13037842429924007
0.4893983474145247
0.3631525362528254
0.7950515169976067
0.1517386221716619
-0.06434711583388308
0.24509119450572903
0.20807325676535693
0.9393413287508687
-0.10920063742940123
0.9020763560831726
-0.6298207194478527
0.6967153512848832
-0.06434711583388308
-0.33174187866861815
-0.2892614111347569
0.3920289503309835
-0.8117539436450709
0.15948050198735775
0.20807325676535693
-0.8117539436450709
-0.5063500881804952
-0.1841919272693502
0.24210770621933708
-0.24694181769540102
-0.06434711583388308
0.8193831610385716
0.06328467182241937
0.5738326018336939
0.07240015050372084
0.072368659378786
0.034617456186195605
-0.2892614111347569
0.24955061884212681
-0.4139515272300971
-0.3764736444995094
0.13142979775897845
0.24210770621933708
-0.3534096648120042
-0.1841919272693502
