0.7695217314172114
0.8210850593016883
0.5823758540209845
0.7060061405310627
-0.4144376289538916
-0.42748904294287704
-0.04571849939880712
0.40633858048190974
0.7768246651297579
-0.20369907896619233
0.053745612606528326
-0.37718382648861204
-0.27412421584137614
0.6140010750342588
0.2467937738402033
0.20764223466689424
0.16684296787313202
0.42311854566311147
0.42311854566311147
-0.009772148834239935
0.0920404483253956
0.11325963905794967
-0.3331214981028614
0.0013340528187570921
-0.2227517108647008
0.6902469621076857
0.6638625573399908
-0.6816522125096873
-0.10295885348900247
0.07088947752508679
-0.47111168177475427
-0.9904871717626191
-0.8426399959802013
0.7740168516940411
-0.7174115091503619
0.9715036796628547
-0.37452123980464314
-0.04429243355607282
-0.41944673102867647
-0.3348553393369029
-0.4144376289538916
-0.3230137697765203
0.7768246651297579
-0.4144376289538916
0.7740168516940411
0.7696464307630586
0.7686331466548741
0.07088947752508679
0.12016182735291947
-0.10295885348900247
-0.9480165309634554
0.05897615858456584
-0.992696257770622
-0.8774994971357322
0.0013340528187570921
-0.7425862406556814
0.7575843937292202
-0.7793809647891936
-0.8426399959802013
-0.6816522125096873
0.7687377180842476
0.058479516058488556
-0.5001736537317085
-0.6758336610158118
0.7392011149693247
0.07623510231820219
0.2467937738402033
-0.7174115091503619
-0.9888767328952361
-0.8505482024042734
0.16684296787313202
-0.5933264326263354
0.05897615858456584
-0.2552531456871694
-0.992696257770622
-0.8111985280429512
0.754577543311677
0.9141426030179602
0.6280710357794326
-0.37718382648861204
-0.5179551783114216
0.20764223466689424
-0.31404837720807066
-0.3331214981028614
-0.2072442908637422
-0.7793809647891936
0.13010480053647422
-0.4745528254400908
0.9141426030179602
0.8039092228185323
-0.8406299798113117
0.5214359391744365
-0.9220378916589633
0.5916847813283468
0.9128483912547181
-0.7998733176210198
-0.18358687112524397
-0.6161055892620848
-0.018971915677569395
-0.992696257770622
0.07088947752508679
-0.9480165309634554
0.3868478224131442
-0.8505482024042734
-0.32361521898757495
-0.42465034750400266
0.3924788193205033
0.0013340528187570921
0.8461356422522259
0.8461356422522259
-0.8774994971357322
-0.39740808820460805
-0.21513711490140675
-0.8111985280429512
-0.42087585674606687
-0.4466428680694239
-0.27412421584137614
-0.14799598261081393
-0.45375328178786956
0.7687377180842476
0.2809967302576073
-0.6758336610158118
0.2809967302576073
0.6572986996915653
0.058479516058488556
-0.9971946231998787
0.6902469621076857
0.10862892973530891
-0.3230137697765203
-0.807127109388796
0.5392388943435802
0.42036755068941534
-0.5659342167858346
0.7575843937292202
0.7696464307630586
