-0.6094445445177405
0.5672881711951367
0.2810280651211543
0.8359352688769579
0.4618683287345562
-0.6558587303347527
0.8944537399528394
-0.4455329947444422
-0.150660183354147
-0.10889644876963622
0.5677150932809061
0.43977377387738215
0.447968934488709
0.23280912109472385
0.5432356098830642
0.44901760382730327
-0.6322510631432094
-0.6249571966742045
-0.38180201615427944
0.5489011503899441
-0.07796797519085463
-0.7835408129135331
0.1307800188116497
-0.41241844794569626
0.01925652480126039
-0.8895536995011393
-0.41241844794569626
0.9306022978268282
0.4050132027656672
0.6740288847799778
0.7211134799035059
-0.1290482705349154
-0.5228268123674318
0.23280912109472385
-0.6759954284025518
-0.9726453724825483
-0.2600711671157556
-0.45015561686792704
-0.3566894004266885
-0.12766371680313915
0.37108812663011825
0.5430667417187769
-0.7835408129135331
0.13060317693565504
0.6856001763366559
0.12625264257505853
0.014750437592204735
-0.7445222089404018
0.972967178951764
-0.8226467507006967
-0.534424202414693
0.6954819812881272
0.2812316132799544
-0.6544092480235799
0.13060317693565504
-0.23391417388738733
-0.6094445445177405
-0.5691298210647691
-0.26496373703277465
0.6740288847799778
-0.6499249910882641
0.40289646261560796
-0.8359407495732165
-0.23391417388738733
0.6174080378224853
-0.9865622523691222
0.44901760382730327
0.3077472385095781
-0.42985395798033443
0.3362635007588246
0.8944537399528394
0.2812316132799544
-0.5727028599022594
0.37108812663011825
-0.7045719474814163
0.4370088008829671
0.5432356098830642
-0.8040414470604094
-0.9271854357974625
-0.6759954284025518
-0.27135278544300423
-0.27135278544300423
-0.8359407495732165
-0.6267649013606336
0.25950164317643676
-0.7045719474814163
0.48151591866610133
-0.45715488630480516
-0.141163104957595
0.014750437592204735
0.8583531626406802
0.972967178951764
-0.7445222089404018
0.2812316132799544
-0.42985395798033443
-0.49144397620795743
0.6300563538100363
-0.7832532298939521
0.3610540605585535
0.3077472385095781
-0.6544092480235799
0.7211134799035059
-0.5233463439776544
-0.27135278544300423
-0.45715488630480516
-0.0880006591888487
-0.032188155668262164
0.6626272757411023
0.12839448545033316
-0.44451289244365033
-0.551258718813201
0.03419578120135114
-0.13350564850336455
0.9066629656657401
-0.8895536995011393
-0.9528931811189296
-0.750636904239588
0.9155505526854752
0.8944537399528394
-0.680595134621087
-0.2417313682782678
0.8968713639510988
0.8968713639510988
-0.9860638009237159
0.37662861822114824
-0.33888677775538323
0.5430667417187769
-0.9324978262901227
-0.35333240142861433
0.9155505526854752
0.49717142423316285
0.6300563538100363
-0.7445222089404018
0.9722293928374341
0.4618683287345562
