-0.1580221111827922
-0.7132557849074228
0.42299069624637187
0.06836168063215209
0.5114085126860495
0.8870315738893746
-0.9822775616334602
-0.14806695953247395
0.46236127548058725
-0.4445649541315786
0.2601413409950466
0.21739673501846712
-0.7931150747929687
-0.9822775616334602
-0.17803766562997447
0.5938770272670484
-0.4445649541315786
0.5400219377432065
-0.9396621692348179
0.8627701748066254
0.2387130911554416
0.5662634533051567
-0.8106895532688878
-0.3045606092248554
-0.05010154556057622
0.12243603725850871
-0.3045606092248554
0.5114085126860495
-0.7920575319958603
-0.27881385144293325
0.42299069624637187
-0.35623960141325783
-0.8876287943214858
-0.19258323436132807
-0.23496103834565618
-0.2512186158359815
0.8476635323463833
-0.3814864251978656
-0.25330273512787427
-0.3101953704034699
-0.05010154556057622
-0.2372842945933682
-0.13011442877629054
-0.2855206004565056
-0.22139356909576535
-0.5630332413075119
0.9825516247427264
-0.9180199351212088
-0.3101953704034699
-0.323714748701325
0.7377024817779247
-0.9396621692348179
0.4908627610891514
-0.7931150747929687
-0.8235769932507573
-0.35623960141325783
0.9825516247427264
0.13462206024804346
0.7317603488929381
0.5114085126860495
-0.6101305255710314
0.037220068773078374
-0.39291196881225554
-0.14806695953247395
0.34091123670136114
-0.8075576806346907
0.28182039639712975
0.21739673501846712
0.6163169768238626
-0.1580221111827922
0.33922882338741145
0.36494807093096027
-0.9231172583763623
-0.7920575319958603
-0.8075576806346907
0.4908627610891514
-0.8106895532688878
-0.4360967033021663
-0.6983909219672908
0.9347271727062119
-0.7920575319958603
-0.04009376061830827
-0.9251130348542214
-0.22139356909576535
-0.5566825533106441
0.3040966388560522
0.2601413409950466
0.1807843787733312
-0.26613188508800945
-0.17803766562997447
0.36494807093096027
0.6987606657553311
0.4105753088852053
0.7730196588584959
0.8290160826265167
-0.226206431072826
-0.7877186182671527
-0.5566825533106441
0.20759102820817876
-0.6983909219672908
-0.9396621692348179
0.9773752467774994
0.913386743896683
-0.14017180630353132
-0.7120355277719508
-0.9196155943183726
-0.4360967033021663
-0.29254125556342014
0.34091123670136114
-0.2855206004565056
-0.29254125556342014
0.619410540820279
-0.7015685456311072
0.8836878771907453
-0.2664597715084924
0.9644713251602599
-0.29254125556342014
0.8476635323463833
0.6901185739644666
0.42299069624637187
-0.29254125556342014
0.9012350161630787
0.4105753088852053
0.06836168063215209
-0.14806695953247395
0.9012350161630787
0.40671494299110833
0.9644713251602599
0.8238946538738565
-0.4360967033021663
0.20759102820817876
-0.9822775616334602
0.5938770272670484
-0.29254125556342014
-0.26613188508800945
