0.33304867246572445
-0.15917043667045871
0.8933582654140737
0.23899950488309996
-0.20776535630727855
0.32940590982330176
0.5564880355501904
-0.41231573793148124
0.738803890562306
0.5533470863823242
-0.9741623808237083
0.7997521610506197
-0.07782881535989739
0.4968364699199057
-0.5667592751349682
-0.61081386540883
-0.3350157612174103
-0.9241679584362368
0.3371740110209258
-0.6164220583961388
0.7384207571030286
-0.3927695560103379
-0.9440559990618378
-0.3594874469067326
0.7585727810343528
0.19937782841490748
0.6266613849441027
-0.7809764362549485
-0.952495552468531
-0.34778411435596235
-0.3927695560103379
0.5564880355501904
-0.6487387643846947
-0.4115830558509832
0.927756808618982
-0.36440673000658497
-0.7135120646426436
-0.013334548226854093
0.9977240386978032
0.6377046723479596
-0.6434010312876464
0.9035462887765964
0.15761086421324522
0.5320905011884092
0.8737367780101499
-0.057078015924017844
-0.09087956411454301
0.6391252068530979
0.36183476230962563
0.643366865224615
0.8382706456269502
0.007206523212190952
-0.4863928728720579
0.9254388095621351
-0.7278815465101658
0.4133125144603169
0.3957331661626975
-0.043021318699713484
-0.18511766154191367
0.13959614637669793
-0.6487387643846947
-0.27685453723353826
-0.4089828552154382
-0.0634412940581568
0.8060116535341293
0.6377046723479596
-0.4863928728720579
-0.07782881535989739
0.15712570377860713
0.4133125144603169
-0.7242752618791635
0.15712570377860713
-0.37307921351199047
-0.9543899872516706
-0.7135120646426436
-0.5128017442170785
-0.7278815465101658
0.7585727810343528
-0.681027965861633
-0.3862125439215853
-0.004173800243866044
-0.46992585404260434
0.45987832304858234
-0.08673267130058782
0.7834309106702457
0.007206523212190952
0.39573500222136704
0.2332801518535701
0.643366865224615
0.2781281417879202
0.3864664456218536
-0.4115830558509832
0.7997521610506197
-0.952495552468531
-0.8250020601868817
-0.20776535630727855
0.22137339924784616
-0.9440559990618378
0.11922274099045116
-0.1993358671392269
0.5533470863823242
-0.8249477721831189
-0.057078015924017844
0.7928087153516963
-0.42155442049279057
-0.19070905447321596
-0.952495552468531
0.3864664456218536
-0.43095622276704715
-0.6487387643846947
-0.7353733678115824
-0.5586135800152308
0.14701354462647287
0.9035462887765964
-0.4089828552154382
-0.13401977345317384
-0.5128017442170785
-0.7559591444776892
0.5320905011884092
-0.2710444979801456
0.23899950488309996
0.3463288960800057
0.7928087153516963
0.7928087153516963
-0.6487387643846947
-0.7127821673128922
-0.5494159830923291
0.19937782841490748
0.6860592058921198
-0.2829440358020483
-0.9440559990618378
0.8694436476749574
0.909927920940536
-0.7710814081051827
-0.4155857916330721
