-0.574671502885997
0.8143529497422912
0.8007689010862136
-0.38307273917495155
0.6210525313105335
0.4562150721026339
0.6545345291942744
0.30631479379962734
0.8682907981815307
0.6982226875894275
0.9982975662945699
-0.41827847697020415
0.4073596341288157
-0.43320982089424276
-0.17526011773046868
0.7695516372610489
-0.12091119636710901
0.1154403296873745
0.5294660354728513
0.5488361702955249
-0.17526011773046868
0.32926075837585644
0.736696807964508
-0.9896557855666495
-0.39123746581419216
-0.2993971099071111
0.2953657038319444
-0.7014509265436888
0.6648964915427347
-0.4476590276474439
0.5752461180294692
0.8007689010862136
-0.9896557855666495
0.1030696017267545
-0.2733206249997975
-0.5792641076095402
0.6545345291942744
-0.39123746581419216
-0.589444228541113
0.84899365043862
0.07853138013428751
0.9209882152011981
-0.589444228541113
0.6069923786523019
0.4562150721026339
0.8007689010862136
-0.8700974275705211
-0.7197533883011966
0.32926075837585644
0.8143529497422912
-0.4476590276474439
-0.8063315726660605
-0.3967792337260754
0.06028249589264911
0.1154403296873745
0.5796968887058767
0.6545345291942744
-0.7014509265436888
0.4562150721026339
0.8007689010862136
0.8143529497422912
-0.2226999408402477
-0.39123746581419216
0.5720849498620193
0.5294660354728513
0.32926075837585644
-0.569877364070837
-0.19955676268590072
-0.9896557855666495
-0.642592902050074
-0.4725243729359332
0.30631479379962734
-0.574671502885997
-0.8470261527622351
0.6545345291942744
-0.7294643208330311
-0.4862022240947008
0.7695516372610489
-0.2733309568930058
-0.4725243729359332
0.6210525313105335
0.8007689010862136
-0.8700974275705211
-0.9896557855666495
-0.6608966093994089
-0.6586748063496157
0.32926075837585644
-0.17526011773046868
-0.16446189616099516
0.7469901924222109
-0.3967792337260754
-0.27223530692192055
-0.41827847697020415
0.6648964915427347
0.9982975662945699
-0.38307273917495155
0.2688967342635171
-0.4862022240947008
0.4073596341288157
0.4073596341288157
-0.9536371029686368
-0.2993971099071111
0.03567742882268776
-0.39123746581419216
-0.03219462343233981
-0.17526011773046868
-0.5792641076095402
-0.43320982089424276
-0.16741401306344272
-0.39123746581419216
-0.6038112627073586
0.3898205729958395
-0.7407111043138761
-0.8700974275705211
-0.7014509265436888
0.5796968887058767
0.8682907981815307
0.8143529497422912
0.84899365043862
0.736696807964508
-0.4476590276474439
0.5294660354728513
-0.8451119105711595
-0.7190620920645554
0.6545345291942744
-0.569877364070837
0.7469901924222109
-0.6038112627073586
0.1154403296873745
-0.7456680611889093
-0.394606798688385
-0.4862022240947008
0.7695516372610489
0.6545345291942744
0.5796968887058767
