0.33352970760378575
0.7159640193580792
0.45777850829550903
0.4174094491946536
0.5738757839650497
0.47013341518693186
-0.19991043079650184
0.7629068602858537
-0.3966652175804646
0.7159640193580792
-0.3966652175804646
-0.6009824529516714
-0.3194550513909853
0.6194850119479669
-0.9322677299677604
-0.18506611526332883
-0.34528594475032137
0.33352970760378575
0.22663758883302032
-0.3194550513909853
-0.598358988213598
0.47013341518693186
-0.8858298481599673
0.7629068602858537
0.5738757839650497
-0.3194550513909853
-0.3966652175804646
-0.04470344775639412
-0.6259155148473663
-0.29983650273758644
-0.9322677299677604
0.7629068602858537
-0.9112287813890241
-0.24771354278075486
-0.21742839089623023
-0.18903970049606134
-0.04470344775639412
-0.21742839089623023
-0.598358988213598
-0.051032344419509545
0.03307250783669313
0.9527345439904094
-0.29983650273758644
0.33352970760378575
-0.3498407246836881
-0.39979260068427114
0.33352970760378575
-0.900191384665878
0.5407560505663338
0.47013341518693186
-0.3966652175804646
0.6464840088197967
-0.24771354278075486
0.7629068602858537
-0.8858298481599673
0.6464840088197967
0.24137083801148695
-0.641831645361091
0.09681308929298482
0.9464833447224295
0.6464840088197967
-0.051032344419509545
-0.49209656823125325
-0.8858298481599673
0.6272976569396105
-0.25908200162709405
-0.6009824529516714
0.4055969860340414
0.6464840088197967
0.47574318001603855
-0.19718286669140372
-0.9322677299677604
-0.886237434183226
0.03307250783669313
0.4055969860340414
-0.29683954871112195
-0.13689907415253844
-0.39537052893611757
-0.051032344419509545
0.6234494732778488
0.33352970760378575
-0.21742839089623023
0.4349873448298154
0.8224303719617923
-0.3966652175804646
0.4055969860340414
0.4174094491946536
0.45777850829550903
0.09681308929298482
0.7159640193580792
0.45777850829550903
0.14660441909959965
0.5407560505663338
-0.900191384665878
-0.900191384665878
-0.3966652175804646
0.9527345439904094
0.5435288293249336
-0.641831645361091
-0.900191384665878
0.9591426900059072
0.22663758883302032
-0.051032344419509545
0.6811567264681908
-0.29683954871112195
-0.3498407246836881
-0.965504034584652
-0.6259155148473663
0.22663758883302032
-0.598358988213598
0.8300656117155683
0.7630201154624543
0.8300656117155683
-0.19991043079650184
-0.3194550513909853
0.4176265868878053
-0.19991043079650184
-0.34528594475032137
0.7159640193580792
-0.14473325489805045
-0.21742839089623023
-0.34528594475032137
-0.43179559987874927
0.03307250783669313
0.6464840088197967
-0.49209656823125325
0.9591426900059072
0.7159848897796144
0.09681308929298482
0.6811567264681908
-0.21742839089623023
-0.39537052893611757
0.2917725494398482
-0.8750714991844581
0.14660441909959965
