-0.9691953353597584
0.5597958370035265
-0.7394614153698562
0.030741197704331702
0.0091112555302848
-0.9697507215273469
0.4527148960242926
-0.6273850936379746
0.684316957161504
0.8361356102629744
-0.5912310016170454
0.4028640339428582
-0.6275566557895189
0.8307271972992138
-0.07655910453458503
0.39649279311836705
-0.30972751555162903
-0.21457602509276352
-0.613868425074753
-0.6059235151611773
0.46108027942686114
-0.17153935836970735
-0.04990560703841207
0.3489196274415951
0.7445591490446046
0.8276121908582348
-0.2585190226872962
-0.26747931667501734
-0.09811626539644425
0.275300429602916
-0.5363509497163785
0.6853080953907056
-0.14031315138445888
-0.6925516021314693
0.336406210072862
0.5937741049922358
-0.5087795685923471
0.7570700838602828
-0.8717339282164249
0.9461170652646334
0.4770142010935803
0.5964177839523441
0.14714391112915726
-0.2791297802062862
-0.7059296636220604
-0.22773244155534078
-0.35573380313663105
-0.26747931667501734
0.9991824562247469
0.015212767364487734
-0.7526384312257828
-0.9649391270040653
0.1917979339701965
-0.37827521712978784
0.839427737388931
0.9892290381462805
0.0209342268966084
-0.3100500387064198
0.4182694294192575
0.7948442202374615
0.5967368588639137
0.3898837117734322
0.3898837117734322
-0.8346673350680693
0.604417125297471
0.1370548114712593
0.9892290381462805
0.06732131874907155
0.5597958370035265
0.336406210072862
-0.5440922228641021
0.1370548114712593
-0.1539853571973444
-0.9118030183382595
-0.7610316690146213
0.880084026119123
0.059405030366723066
-0.07765625091519612
-0.6898873691807357
0.07821377323496526
0.4008719291505709
0.5958370092341194
0.8821433133718146
0.1917979339701965
-0.7085039907701385
0.0855414733700075
-0.45233377797359253
-0.727561485435618
0.9892290381462805
0.17358220759531529
0.8797238472085216
-0.6325866452309339
0.08002553793965483
-0.42966403918719975
-0.1587417964905007
-0.44571469007269826
0.13292433993149277
-0.07765625091519612
0.9529133840395021
0.5958370092341194
0.7391847522989554
0.5997879783745526
0.2209301360259608
0.47701770954292644
0.2275534718116452
0.261182813227411
-0.8311882773368429
-0.8512200490926871
0.261182813227411
0.46108027942686114
-0.8108355118912307
-0.8512200490926871
0.9968461387902212
0.47701770954292644
-0.2462909322498299
-0.8311882773368429
-0.6273850936379746
-0.5363509497163785
-0.15201904375431852
0.22425778206695335
-0.4500532427854351
-0.5993042513913764
-0.44571469007269826
0.13292433993149277
-0.4308439175638161
-0.5180315477276625
0.275300429602916
0.7259638277047309
0.17358220759531529
0.7385026789115596
0.3711987734535207
-0.4709236042775695
0.7259638277047309
0.9116184149720861
-0.5440922228641021
