0.4476813036477465
0.47387822620580566
0.1621108834377436
-0.0639523796675594
-0.13991121787003058
-0.9134064081724482
0.7712351449538046
0.5232845274879387
-0.6986270918619657
0.5114756205887567
-0.31617667892361623
-0.3817707680358837
-0.3817707680358837
0.7571760215092855
-0.37970471464953115
0.6895254084818625
0.950138995827644
-0.8756116423095464
0.6895254084818625
0.609553403198482
0.7246821673588386
0.07250934714883428
0.8530174554210921
0.609553403198482
-0.37970471464953115
-0.18658097804272789
0.6716728072422371
-0.11624157509761379
-0.904759843638975
-0.9134064081724482
0.590322808604389
-0.6390378789865281
-0.7236802461416352
-0.33935587833585745
0.8399832200419499
-0.7498150307799203
0.0028899107220945464
-0.6312622843470648
0.6895254084818625
0.4612522930760148
0.609553403198482
-0.20861102269594167
-0.8756116423095464
-0.13991121787003058
-0.5803809104698501
-0.3817707680358837
0.21958294862443295
-0.5678448093006898
-0.38515876965060447
0.40835761205821286
0.8727291710009182
-0.0639523796675594
-0.3817707680358837
-0.9134064081724482
-0.4938689031222825
-0.5677738175875868
-0.3817707680358837
0.5232845274879387
0.26952163316628064
-0.18658097804272789
0.4476813036477465
-0.6312622843470648
-0.6666336806391566
0.6895254084818625
-0.6390378789865281
-0.3406037734786036
0.44553684323124565
-0.13991121787003058
-0.37817001944327777
-0.3817707680358837
-0.37817001944327777
-0.7075529855719038
0.6895254084818625
0.9341516086179082
0.911876118461292
-0.5446956548306177
-0.206382748330721
0.3286083257020995
-0.7075529855719038
-0.17409784946638696
0.7608291229781856
-0.7384686450998081
0.6895254084818625
-0.0710426249295868
-0.8756116423095464
0.5114756205887567
-0.37817001944327777
0.4612522930760148
-0.31617667892361623
-0.7560038392176978
-0.904759843638975
-0.9987266508221766
0.6400746845861813
0.15031425148581934
-0.4298762584081526
-0.0639523796675594
-0.6881083444071203
0.47387822620580566
0.5232845274879387
0.9876731781454278
-0.048874305382591965
0.07250934714883428
-0.7560038392176978
-0.6390378789865281
0.7571760215092855
-0.7741438716645026
-0.6678650992311086
0.07250934714883428
0.8399832200419499
-0.3999713804167251
-0.5085556302069785
-0.9134064081724482
0.950138995827644
0.5114756205887567
0.8530174554210921
0.35687400634617794
-0.17409784946638696
0.9828544847999294
0.3327666014120818
-0.9038436311278162
-0.37970471464953115
-0.6666336806391566
0.8727291710009182
0.47387822620580566
0.0028899107220945464
0.911876118461292
-0.5678448093006898
0.23900640656019956
-0.4298762584081526
-0.31617667892361623
-0.6312622843470648
0.590322808604389
-0.5677738175875868
-0.048874305382591965
-0.18658097804272789
