-0.23541376239677358
-0.84205939664285
0.4174167324299489
0.7250714331131027
0.5658810316038407
0.9370860475327414
-0.7650325504290751
-0.38245963007300277
0.3213500372219975
0.39760837806261695
-0.0485407596809857
0.03867763080488551
0.16260347114790896
-0.694655374993155
0.39324388267607135
-0.11932748740993437
-0.7369214525170056
-0.6880313448947226
-0.6983660264663407
0.6908794644718916
0.1296145590575486
0.5343704649999503
-0.1791226565670172
0.9136989139954521
-0.33223382977366955
0.5714466953560668
0.5714466953560668
-0.7945651813629757
0.5603225883932572
-0.06948475457898584
-0.3804002061006517
-0.6880313448947226
0.7988279602754222
-0.7096628022846938
0.5603225883932572
0.3045191009624433
-0.9949478054759711
-0.09115986358885864
-0.24786599118744546
0.03605247655904842
-0.34940408726163175
0.4174167324299489
-0.947158828603214
-0.7945651813629757
0.39760837806261695
0.2881922027826229
-0.2230141486885293
-0.34940408726163175
-0.6062977372116236
-0.08511258224133433
0.3428041442712728
0.20881650470745772
0.7943768155215132
0.3792749759915399
0.6770534563793158
0.06394678220941796
-0.7945651813629757
0.47810686678388503
0.42430858486791556
-0.1791226565670172
-0.8256139139064802
0.1055356721162155
-0.6983660264663407
-0.4656023921681627
0.13597311738843332
0.7323647323383722
0.8321180417681804
0.93510610094621
0.28402040263249795
-0.10009830282958876
0.8147135519020294
0.8991454906206824
-0.7945651813629757
0.2881922027826229
-0.7358346001183687
0.7988279602754222
0.6832986382219393
-0.2382133836715945
0.1767770373219284
0.7250714331131027
0.5658810316038407
0.34523268001957397
0.4174167324299489
0.6590405986485675
0.8991454906206824
0.34523268001957397
-0.16486841396720653
-0.8558298075390043
-0.5421286030759185
-0.5189274216277742
-0.4210800612601464
-0.7040732176279287
-0.6661162780649976
0.6204241746845411
0.3045191009624433
0.16260347114790896
0.2154965646820186
0.03662918975636731
-0.7945651813629757
0.8896142455728109
0.43726308971043193
0.6553865116199924
-0.6880313448947226
-0.17966779869243044
0.38005182677279326
-0.7002508149154891
0.5343071558848476
-0.348776878650612
0.7988279602754222
-0.06948475457898584
0.13590733205199723
0.2154965646820186
0.8687362639421314
-0.6880313448947226
0.47810686678388503
-0.5955731729069866
-0.6880313448947226
0.22674793666651438
0.39324388267607135
0.005724162468646599
0.6212483852938837
0.39760837806261695
0.19751153621812412
0.6832986382219393
-0.7720759640444315
0.06394678220941796
-0.6716230487772847
0.22674793666651438
-0.503337680609828
0.5658810316038407
0.6743064677383246
-0.13473912140449373
0.622252738801446
0.7397909979261763
-0.7720759640444315
