0.675200936024998
0.5197239778614249
0.8293879806462914
-0.12374633518959421
0.5854214297636826
0.04866467693597598
0.7327158211691212
0.7944200356727202
0.4014546541224657
0.7125697900389198
-0.36250540367147877
-0.36074033131029615
0.6060282343339778
-0.4373324236178169
0.022286524559951282
-0.2788138414715242
0.6296180117873473
0.8040653659166221
0.8337103283090539
0.7967463956134557
0.8560792122915439
-0.2984167224305516
0.5612633568060355
-0.2788138414715242
0.8040653659166221
0.4014546541224657
0.755079112769222
0.45144784596047005
0.9742500452356075
-0.2232492994927755
-0.3227741534292299
-0.7849230661312396
0.863057644282152
0.35557457029057904
0.8779509092557602
0.7912400874720245
-0.08022797280912064
0.2735872577908576
0.02387289432297468
0.5197239778614249
-0.5498788245163473
0.675200936024998
0.9247793565352047
0.35903258029732
0.8499375222005052
-0.8417771149806879
-0.9771222653764251
0.2702660493410054
-0.22938352243453086
-0.2232492994927755
0.6305244918182606
-0.3399111876493246
0.5854214297636826
-0.8653105376404928
-0.08532823614865248
-0.49545090589584295
-0.08617729492414705
-0.10991276476268674
0.7008740929379695
0.8101776693930456
0.4251929608693794
0.8053170760134356
-0.792737509230159
0.6060282343339778
-0.7631551536338328
-0.08532823614865248
0.35557457029057904
-0.22938352243453086
-0.792737509230159
-0.7849230661312396
0.6305244918182606
0.24089030905964703
-0.07801942465743905
0.6308507146352968
0.5928824850802106
-0.6688721955811834
0.45144784596047005
0.8040653659166221
0.78622253816703
0.5612633568060355
-0.700897034794111
-0.08617729492414705
-0.2232492994927755
0.8337103283090539
-0.12374633518959421
-0.7789184392558293
-0.2571674547585925
0.7125697900389198
-0.29629869277575094
-0.5069127058677927
0.6534632451150117
-0.22938352243453086
-0.08532823614865248
-0.6640458253102823
-0.3227741534292299
-0.23737802179065937
0.8053150157241076
0.6060282343339778
0.8053150157241076
0.8560792122915439
0.305283689573989
0.7575561290894246
0.5197239778614249
-0.2232492994927755
-0.3227741534292299
0.8040653659166221
-0.3399111876493246
0.7912400874720245
-0.22938352243453086
0.1309884146983229
0.02387289432297468
0.35557457029057904
0.7944200356727202
0.8101776693930456
0.2735872577908576
0.022286524559951282
0.755079112769222
0.7967463956134557
0.6432136249410805
0.528294121574074
-0.700897034794111
-0.2788138414715242
-0.9780048409534303
-0.00719042414066573
-0.49545090589584295
-0.08532823614865248
-0.36074033131029615
0.04866467693597598
0.8779509092557602
0.02387289432297468
-0.2232492994927755
-0.6688721955811834
-0.9450533057013359
-0.12374633518959421
0.7008740929379695
