-0.7335073293225198
0.032881867204034076
-0.1702050421469754
-0.09449823809325086
0.27067807672982536
0.7527341048129776
-0.44655672873569974
-0.3005274863456615
0.7527341048129776
0.20108870428065106
0.7020074642406438
-0.19299442870836758
0.3514765514436755
0.6962985756109084
-0.5404458809638333
0.30600618273952085
0.7847629008530208
-0.09449823809325086
0.1936624759236738
-0.5512586073663941
0.4856506752344505
0.5052402339960576
-0.4630326025340592
0.7527341048129776
-0.46233500875375566
-0.48908501389127323
0.5370701949975614
-0.5879947455331898
-0.7540186832638416
-0.43665760814789945
-0.7792201986461995
-0.7792201986461995
0.7571244292191921
0.7344156617663056
-0.5879947455331898
0.8836806222446505
0.6505300602249735
0.3514765514436755
-0.26965924845860534
-0.19299442870836758
-0.11306149186957537
-0.9047675960283583
-0.8957581504641434
-0.5404458809638333
0.19809164370680898
0.9346597441139028
-0.9047675960283583
-0.23824104767888854
0.6035918807194036
-0.26965924845860534
-0.25381802205306037
-0.48908501389127323
-0.5708484997729308
0.14956566784103087
0.2963018097530501
0.01572053439803822
0.03586459661367147
-0.7335073293225198
-0.015474942045606399
0.06199463341169209
0.20108870428065106
-0.38181090021927155
-0.8351541234846367
-0.015474942045606399
-0.5230368432221368
0.30366691658388256
0.1205257682008889
0.9724087414655196
0.19783206460269231
0.3244066506267287
0.7344156617663056
0.5727608290455062
-0.9703875301265625
0.026915590801611433
0.2963018097530501
0.38740837574625075
-0.13777232084658664
0.9142058332229275
-0.2712513586923555
0.002384620436655327
0.6505300602249735
-0.015474942045606399
0.7021211438153236
0.576191499449638
-0.29944295629873774
-0.3126026406071427
-0.44095429891989735
-0.015474942045606399
-0.8313575305529688
-0.09449823809325086
-0.38181090021927155
-0.44655672873569974
-0.1702050421469754
-0.6574487297082974
-0.3126026406071427
0.6747608603343578
-0.5404458809638333
0.6449978247882917
-0.7335073293225198
0.01572053439803822
0.3593168155829829
-0.09449823809325086
-0.36615428420947094
-0.17566789483680667
-0.8351541234846367
0.026915590801611433
-0.3005274863456615
0.1205257682008889
0.3169086963783747
-0.03909009592425616
-0.43665760814789945
-0.09449823809325086
0.576191499449638
0.7861466634813672
-0.9703875301265625
-0.44655672873569974
-0.3995591360334809
0.01572053439803822
0.3514765514436755
-0.6415299728501651
0.38740837574625075
0.01572053439803822
0.9267532011011943
-0.7540186832638416
-0.7268780101350547
0.7293333431607298
0.25270683283111595
-0.6763117995801033
-0.36615428420947094
0.7571244292191921
0.01572053439803822
-0.16319230105491656
0.7020074642406438
-0.6200382500727359
0.8836806222446505
