0.953539332390017
0.36185721186958975
-0.688828937545398
0.3565219547690499
0.3638491262518715
-0.07367370407556062
0.21458492912240423
-0.9357995629507343
0.3638491262518715
-0.5378496054620614
-0.3478984941908225
-0.5377931796606519
-0.6101361748305894
-0.9324993761829299
-0.21655240860948632
0.14197122947003193
-0.9435117109605953
-0.6101361748305894
0.2936107219354531
-0.2754489286929953
0.9787006799277072
-0.3231717479977916
-0.2754489286929953
-0.3231717479977916
0.8545161849654466
-0.7097074533468435
0.9041261541849428
0.1822679444330355
-0.03723800014433154
0.1979535875938947
0.9392720110010317
-0.22651338285173162
0.1979535875938947
0.5700359504688257
0.10165107698181619
-0.42449937131063
0.3182430825339304
-0.8715966534388129
-0.4221553373138527
-0.4633785546008313
0.9094643928487491
0.3755441936772843
0.857599014079117
0.1979535875938947
-0.35396324138186586
0.5778209477716216
0.5700359504688257
0.2936107219354531
-0.8993137467730112
0.6996272436600479
0.3217182827533793
0.5884827186900754
0.44754939906775326
-0.4559734067742094
-0.5377931796606519
0.052130601035270674
0.9094643928487491
0.78673191084467
0.78673191084467
0.9094643928487491
0.46710265193640854
-0.611888026237073
0.34203431906087145
-0.3231717479977916
0.5351658656967646
0.14197122947003193
-0.3478984941908225
0.8449815219104526
-0.7982530364521039
0.9803345245752504
0.2936107219354531
-0.8993137467730112
0.11643725811945616
0.19360119028725697
0.9094643928487491
0.4686369826693664
0.6366051315482877
0.10165107698181619
-0.5656245318056494
0.2936107219354531
-0.3254418674358619
0.34203431906087145
0.8449815219104526
0.6366051315482877
-0.35396324138186586
0.14197122947003193
0.10165107698181619
-0.0387289275405569
0.052130601035270674
-0.1481453154600918
0.32215722727921814
-0.9191934644264554
-0.059135999454278165
-0.35396324138186586
0.040406762769499505
0.34203431906087145
-0.6566175532682066
-0.11795404707064572
0.22541645228951412
-0.5962548732610178
0.8449815219104526
0.27302891402708696
-0.9357995629507343
0.6177690278117804
0.7904118328607619
-0.6566175532682066
-0.3231717479977916
0.6177690278117804
0.6274494745334063
0.7904118328607619
0.3217182827533793
-0.8711244984544384
0.3182430825339304
0.4686369826693664
0.857599014079117
-0.6018044488123842
-0.7107697042193233
-0.7982530364521039
0.22541645228951412
0.00381039638783931
-0.16546875382365833
0.6527840735969623
-0.7391693854326011
0.8222923141530982
-0.611888026237073
-0.377947957801825
0.21458492912240423
-0.21655240860948632
-0.43189641815680235
0.11643725811945616
-0.07367370407556062
0.19360119028725697
0.32215722727921814
-0.03723800014433154
0.8545161849654466
