-0.23303095601349177
0.20723456272940788
0.19638546214924735
-0.5660024692698524
-0.1644679677941039
0.8658711639712462
0.7833906486540458
0.5300101633904959
0.029777694714016034
-0.054994056062002805
0.7263279807911363
-0.881359442623509
0.833021038451168
0.833021038451168
0.36720205795469085
-0.36342234811179974
0.006140207144230914
-0.6055984636891987
-0.79966533174219
0.427752975028707
0.87570031784833
-0.8955806298090514
0.6285587323141928
0.87570031784833
-0.8081059859401811
-0.23303095601349177
0.7227433182691658
0.32472234024236446
-0.039658995353164084
0.2354794250773573
0.8705372771840771
-0.803131151769513
0.2691511276961973
-0.37637672944530043
-0.5641920875569393
0.7041444056332582
-0.9620712763183243
-0.40560714236767725
-0.5304095205441957
-0.3321628394453593
0.2845414591328408
0.6599164744189308
0.6700560795056032
0.6634339847723398
0.7757224745516949
0.25077000301087304
0.04822808046402338
-0.23961825344328114
0.6338849130570472
0.4618738167620535
0.25959424417833077
-0.7432253676444518
-0.11003303822124733
0.7374198244228094
-0.12663056590918753
-0.8290726903262406
-0.6200492883141779
-0.9498390463657174
-0.38493772510666213
-0.8013934753607128
-0.79966533174219
0.8722823076630675
0.6301786215512726
-0.853929390951395
-0.5668836323305741
0.4477907572360147
0.2266054513051614
0.08949127139354007
0.16660153946709078
0.42638495819025035
0.44378925769728994
-0.4843608305766578
0.7795423771816297
0.9825258596535018
0.699269747414089
-0.7458140618689122
-0.11277266338951142
0.8524247690108657
0.20723456272940788
-0.6667940630582772
-0.1644679677941039
-0.470105259604616
-0.9138069261303021
0.7021367666866667
0.4477907572360147
0.25516620008092383
0.15019986357595938
0.28485864378505155
-0.09985299053788732
0.8766758000319799
-0.6308315440718386
-0.15810687247362876
0.9907296827427019
-0.6878725855313506
-0.36101876061139504
-0.2417288517690097
0.8609710848304688
0.0194659088205289
-0.8965811154450007
0.6913286040453575
0.5564865647930679
-0.8290726903262406
0.45846860238877385
-0.8805086447300323
0.9397146534715071
-0.3321628394453593
0.9583901504789472
-0.9657290058143877
-0.359112155440483
-0.5006533904113302
0.699269747414089
-0.3321628394453593
0.2033939829918303
0.4556149292128824
-0.552779914020465
-0.8731619729466624
-0.07843297363451107
0.19352439057702564
-0.5205822038244197
0.5300101633904959
-0.5251193421096372
0.04372733262739681
-0.012090862049523032
0.9822680596350561
0.9844478923531905
0.11873323037419503
0.19638546214924735
-0.9138069261303021
0.2845414591328408
-0.6449210875397275
-0.23961825344328114
0.3829554150570327
-0.8606080023981908
-0.9498390463657174
0.3707611336929033
