0.056476607984951466
0.30079403030633833
0.12371908706421975
-0.10210995074624618
0.4033435465787931
-0.7874938144493393
0.571736366672591
-0.5216761174897206
-0.3444344701618878
-0.2935332374720441
0.25777723704945066
-0.8466412272302843
-0.43515039565189206
0.1400037746773406
-0.015896963045664236
0.5318923120214352
-0.3791805723022481
0.3926692226281574
-0.6355569616530816
0.422698702894015
0.9500586063951368
-0.7939573661148334
0.08793368288926096
0.7774093569394473
-0.7542119132209628
0.4343305434921303
0.9856948674486667
-0.36508842944037445
-0.834293261887161
-0.7803294670975078
-0.056131674297881684
-0.5414013855684903
0.1298479931947749
-0.9192489934778965
-0.4619677395824946
0.42084097338656345
-0.09843831611157317
-0.3798005241092808
-0.6302171652565991
-0.446832086990107
-0.9791605054337258
-0.984260668110652
-0.23279889087882344
0.888918813054544
-0.10515988264798137
-0.513327800123792
-0.961532346174192
0.7216179671910516
0.455234783180531
-0.3673312846517893
0.09634632056428605
-0.12805600936419181
-0.9492559661144522
0.35718526740355006
-0.2605716151249782
-0.2738115883767045
-0.9054842803528593
0.221469561418838
0.8889277611458897
-0.2357221675227381
0.44689844198721995
0.9337227689121843
-0.2151134785212827
0.4229112251497851
0.05087915987730263
-0.7323003270999167
0.5015149763457307
-0.2400028293990546
0.5186384778154787
0.6798249172190622
0.029503573119868287
-0.6668345582783994
0.6048746646369747
-0.5443249512251456
-0.41382799712610896
0.38158525928472575
0.5142429400209934
-0.16400797171242787
0.4592796328269768
0.7740341494408687
0.02385310533021001
-0.9043917112564723
0.12321950355706979
0.5218795498822282
0.4154752036227718
0.3647881732100806
0.9076403204255465
0.5892262048800125
-0.032969205777255484
-0.540165298928291
-0.3816756566224715
0.09607516647666992
-0.3248061358794543
-0.8892265912897486
-0.6423736511690386
-0.6329853994804537
-0.699829912768041
-0.7264282059797658
-0.6888697003291318
0.2803178576347938
0.5267119410360357
0.14303002421536748
0.474648041096676
-0.25733015642459356
0.47726177262617164
-0.5481065694020635
-0.9888688352195709
-0.9589918931933568
0.01584851949826005
-0.7741185683321348
0.6861296517646187
-0.09700127888517862
0.7979636958742864
0.33176442414977014
-0.10549825974412075
0.6613372196302831
-0.2937018716716919
0.6051803836476044
0.2950489696001932
0.7993356422027471
-0.09071730732052319
-0.7087034874688631
0.5680867900434876
0.2871451467569959
-0.18539035428117256
-0.9916238511854973
-0.5933246592048871
0.734091799302971
0.34659970871362944
0.03746700416110649
0.8938016820439312
0.6711005226021154
0.7127018581557838
-0.45660979894896236
-0.3596718596516031
