0.5689407229605772
0.546248446227561
-0.464504168377053
0.1679609272906819
-0.0876284899723263
-0.31273877634764347
0.36479039587909123
0.1632650015721826
0.5818922913699986
-0.516003297267482
0.4704129786377491
-0.633720843387596
-0.3403534585102248
-0.9257341490921176
0.36479039587909123
0.7687898254235315
0.7685910699090062
0.5689407229605772
0.852238431774871
-0.9206283037991496
-0.8044097427561485
-0.5084723420070814
0.8604861240662176
0.4704129786377491
-0.09351623386499108
-0.9267958622527268
-0.5087444418292091
0.298151974954336
-0.001067848855723641
0.8796423103303059
-0.34073002895661797
-0.48699131279719454
0.8789124904960404
-0.03539698581247719
-0.6963680152227996
0.185028694743828
0.30999945963638065
-0.2989890092819403
-0.03226255111446763
-0.7741737044324359
-0.5087444418292091
-0.3571470082863575
0.6826069415824418
0.8460214036478593
0.055129135076743996
-0.4321788392763828
-0.7421260645966885
-0.6963680152227996
-0.773457223673345
-0.9383187481326305
0.4083498107013823
0.653267162807512
-0.4321788392763828
0.6826069415824418
-0.5084723420070814
-0.8461067870286263
0.36479039587909123
-0.5253453661485923
0.09225413617967537
-0.044335719361983994
0.6935518072061062
-0.5957160571982343
0.3861006497376711
-0.5416107247710669
0.546248446227561
-0.6207759692541466
-0.516003297267482
-0.3538139662167903
0.3195544850497234
0.040508405254759294
-0.8127688473153434
0.5304242790950402
0.5582015197544548
0.21116600299361687
-0.5180431705374251
0.7191326997211129
-0.09864352115874109
0.2240372089626772
0.1961300174743994
0.7214047365946139
-0.36741411111853317
-0.7741737044324359
0.25669509938465507
-0.26071947769419257
-0.8894040663918212
-0.8795024388515216
0.1522667425702784
0.9107523453140107
0.723865144873697
-0.8044097427561485
-0.3030422138075213
0.33299822663313483
-0.633720843387596
0.29497641377950146
-0.318224446621336
-0.23975483318649427
0.1679609272906819
-0.044335719361983994
0.6635289399587418
0.653267162807512
0.9761799117014245
0.2240372089626772
-0.3403534585102248
-0.6460922660540311
-0.8625389404998329
-0.2989890092819403
0.49368879507452124
-0.7741737044324359
0.8656446127400408
-0.6207759692541466
0.546248446227561
0.29298224122366734
-0.5084723420070814
0.653267162807512
0.1961300174743994
0.7214047365946139
0.25669509938465507
-0.1109307485980826
0.5818922913699986
0.9761799117014245
-0.723893975757683
-0.5253453661485923
0.49368879507452124
0.09225413617967537
-0.8625389404998329
-0.03226255111446763
0.8604861240662176
-0.318224446621336
-0.5943984744426436
0.3861006497376711
0.17667386541344032
0.7687898254235315
-0.9267958622527268
-0.4321788392763828
0.22698134190694508
