0.38308672281162126
-0.05512809085790216
-0.09097230482551732
0.29911777071115453
-0.02241424030943384
-0.6800450580643933
0.2342000840896321
-0.8765904859068028
-0.7768771134207653
-0.452498426897912
0.6491040678370041
-0.11221059263999744
0.22657399687760993
-0.9166794531230695
0.9356562393013539
0.10667850957813196
0.6832059480173869
0.9022854504021818
0.24955044745719146
0.1884186236595795
-0.8034188406186495
-0.8765904859068028
0.42974851682658
0.09744289834155206
-0.4134758456071763
-0.5674899226150811
0.6295655349074978
-0.13541580536170428
-0.5927957168326157
-0.06311731635251427
0.3576549076188258
0.6896867484863294
0.3107656191727508
-0.06311731635251427
0.6991451952434626
0.4416759262443255
0.6900106293108839
0.01709118407889365
0.2774236799002143
-0.7211137159786507
-0.4965703193909303
0.015380700532841463
0.4171551082994831
-0.08186412270946142
-0.9027829093315005
0.522694789156203
-0.4134758456071763
0.12552367957214505
-0.5005811750114857
0.3027652081697414
0.02125038229329812
0.07202260939984662
0.22781825889293117
-0.22035124208370438
0.3768631498845185
0.6982805316089533
0.24384325635405113
-0.024246560718762966
0.9776340105186498
0.6884553371755273
0.2342000840896321
-0.31798312637598625
-0.25686381616952936
-0.07782504109295996
-0.2474204886366429
0.717593831324806
0.8094068581644003
0.23394517247760915
0.3539874439785018
-0.613859764118857
-0.2474204886366429
0.4318519463804882
0.9776340105186498
-0.9341369412960725
-0.30634614593097065
0.4793898956421483
0.24955044745719146
-0.2885297809900158
0.872540324564063
0.4733458662515939
-0.613859764118857
-0.8225229274811341
-0.5689006714978002
-0.31798312637598625
0.5960152102785954
-0.458364070535177
-0.5659377333264766
0.7143789336397988
-0.8225598069135729
0.04350274532022924
-0.29081284639535143
-0.6312469915555481
-0.2085196091355661
0.2746613724313838
0.12552367957214505
0.5299930395068873
0.02647633826332929
-0.024246560718762966
0.118849227597986
-0.7566515103832789
0.28393004030165647
0.4375059557402008
0.9720271461794954
0.7681040461014901
0.07688609923847767
-0.10052724033817162
0.4649656850457724
0.04350274532022924
-0.9628179128349579
0.6295655349074978
0.2432474961227371
-0.259101894910851
0.0065396862844022685
0.6900106293108839
0.9022854504021818
-0.25708874934006065
-0.8225598069135729
0.7631569025303147
0.3107656191727508
-0.47653704781470485
-0.45030661586410137
0.9356562393013539
-0.016694726396597304
0.9950502784843966
0.125169640758509
-0.32404930913859054
-0.7793976962692235
0.8067213286509156
-0.9987747084455934
0.19142233799494557
0.4499446594270542
-0.4427096846257137
-0.22525041048440997
0.4318519463804882
-0.8559418831314611
