-0.2823831692706207
0.9849048866844854
-0.9252123915314008
-0.1699413790698303
-0.008878314007005894
-0.43913040765773137
-0.44287324292939534
-0.5565305113699541
-0.4069345982192989
0.3789875926321886
-0.6180048575855746
0.3434868418195822
0.809610868288615
-0.0013414863152436673
-0.7353403886780314
-0.7891430736727436
0.3434868418195822
-0.11199437077605934
0.571262701794579
-0.9821805980562326
0.07975840231743003
0.768395683021049
-0.504786959897304
0.47204173392636606
0.15274124936150368
0.3789875926321886
0.22711176132048294
-0.4427114715434759
0.768395683021049
0.3789875926321886
-0.7631830195543834
-0.4602790020584193
-0.4427114715434759
0.9467755435168141
0.851978312484972
-0.48355216578700033
0.04995143538485847
-0.9864512285582465
-0.14752045965482363
0.47204173392636606
0.78737586138691
-0.5645017582765521
-0.12873015731357196
-0.5278669987638898
0.6056178515866655
0.18550487651002245
-0.9682532442314189
-0.28521754491035534
-0.14752045965482363
-0.6559693596739229
0.9801078557967999
-0.048594086557020244
0.3789875926321886
0.9801078557967999
-0.5278669987638898
0.05199552477788538
-0.3381911809032865
-0.41814692734471337
-0.37146792457428823
-0.37749510375432216
0.014332670806013859
0.9620607954281071
-0.43913040765773137
-0.5774236781533566
-0.8195638643314209
-0.6180048575855746
-0.2823831692706207
0.49932595636552435
-0.08869470826608916
0.3789875926321886
0.21554541586997233
-0.7893080866698343
0.809610868288615
0.601993355705392
0.5681600314901403
0.12381158731771058
-0.3697486099553753
-0.008878314007005894
-0.4427114715434759
-0.9699956186089014
-0.748244532088687
0.40705989194978565
0.8556153893941851
-0.6340080197092175
0.7198366693760234
0.571262701794579
-0.9821805980562326
0.9849048866844854
-0.46231205146006005
0.46646398322196414
-0.3035655325255735
-0.5059214764827786
-0.1699413790698303
0.9849048866844854
-0.5565305113699541
0.809610868288615
0.49932595636552435
0.9467755435168141
0.768395683021049
0.5681600314901403
-0.7575419022760448
0.7208965482512673
0.3434868418195822
-0.44287324292939534
0.809610868288615
-0.4427114715434759
-0.46231205146006005
-0.2062393783029315
0.5252146277271434
0.9467755435168141
-0.43913040765773137
0.21030300818248704
0.9801078557967999
-0.1699413790698303
0.46646398322196414
0.34757470142260116
0.571262701794579
0.7208965482512673
0.768395683021049
-0.14752045965482363
-0.9252123915314008
0.8556153893941851
-0.8322759797889197
0.8294219180408915
-0.43913040765773137
-0.5278669987638898
-0.2823831692706207
-0.7353403886780314
-0.3381911809032865
0.3789875926321886
-0.7893080866698343
0.021757933473929958
-0.504786959897304
0.21554541586997233
-0.6559693596739229
