-0.9941587270083545
0.08538080670098247
-0.46159895386874195
0.8293683370198286
-0.2768261141461059
0.8957986955944472
-0.10931258479475936
0.7340738972218186
0.3376399521561195
0.04027365766025959
0.7530223195805006
0.7649523641481943
0.41928081437816167
-0.2499953502229708
0.12346798860323194
0.0775762983479833
0.027178918997470713
-0.8808878948357008
0.6081941279697667
0.14279293175385788
0.3766301709802955
-0.861537582812274
0.08934183923967054
0.8066073450541111
-0.6928056902601245
0.45325730068325476
-0.5920140380423846
0.7390046877313232
-0.7831536605433511
0.4703218730217509
0.6769824514448266
-0.9091062908378655
0.47922625722662326
0.7521320396974418
-0.27332483637244387
0.5504448786170171
0.09824998616836789
-0.07472815904906316
0.2107321696683464
-0.3635505336409708
-0.7948758940287122
-0.6349548815442256
-0.8180257020105945
-0.16156321919884875
-0.209386691073578
0.5966501355539675
0.7059292204538681
0.782729779209266
-0.33766853846203215
-0.9186241610984931
-0.7358101259338381
-0.4415195655160591
-0.879621844749668
0.28556375828427694
-0.23023553648905937
0.19094466131134413
0.0026549193072407107
-0.3195963786136071
-0.4107810389202302
-0.49875879956938074
0.05848350515037404
-0.7963762126790064
-0.9492931680871699
-0.6903083587025749
-0.16005745382977432
0.6171661563122877
-0.9495374484497598
0.8628194058156835
0.09741617592484819
0.7091852659502804
0.35604019171045254
-0.5423849586632967
-0.14241130511987743
0.43957496917227123
-0.01819672595003441
0.47578016108990684
-0.6683263789644032
0.41160976362250934
-0.7126445359024784
-0.3049297060011522
0.42064027812381855
-0.43989386773572225
0.574634380602044
0.9851134715163083
-0.8691627318182058
0.5789762207041482
0.0831736805454919
0.650496007190076
0.6067656701877087
0.07075265182152912
-0.6416987643048451
-0.19784750856649413
-0.7306211775946152
0.8703349993626472
0.8724170988954218
-0.08478174013900608
-0.22370339907932602
0.7939035062850883
0.34786526497830184
0.9545569479110394
0.5598058081301325
0.3888873348984543
0.4119530529006392
0.37067619410467856
0.8652016852532207
-0.47743141204237594
-0.9028989637430478
0.7804951332940764
0.5594000504440615
-0.41782300540771233
-0.8859820439534805
0.3638839957839608
-0.5190680003313672
-0.3060336532753327
0.676542338506702
0.44574187081176886
0.20086076438722822
0.027036489364564487
-0.29075812893015063
-0.8126961557173795
0.5302892791909146
-0.4180983048677851
0.35477313625456763
0.5398689729839916
-0.6011648950052355
0.47188013162997056
0.9222345909204828
0.17885054424982072
0.5840086103667264
-0.5805330133623496
0.7066132507010006
-0.6692786293058033
0.8691680358201961
-0.04396641632248821
-0.5284065405778151
