0.5765566042585311
0.3055234091604977
-0.05313445576116238
0.9789331531429424
-0.3381904584047535
-0.2722984735897782
-0.8436761516686078
0.29882544558585766
-0.45965465622436663
0.3378790980816013
0.05132378009025729
0.05132378009025729
-0.01203916090505075
0.09535155915208415
0.9734051197981073
-0.34905030373401535
0.36630037286897266
-0.005328792550620021
0.6496264959041438
0.42823874030294196
-0.542896942712652
0.7277729753000077
0.8425808231454708
-0.45965465622436663
0.5888911270201085
0.3242832176890198
-0.8648990397386054
-0.14765569134581713
-0.3025039347292877
-0.3381904584047535
0.46177007120895497
0.8983703499913402
-0.9121804008156189
0.7437366286809883
-0.6519289746899233
-0.7934354409306363
-0.08129992722723833
-0.7235505094865071
0.8229649108020696
0.4233740456821684
0.9407483891330524
0.5765566042585311
-0.4207554953450472
-0.7908505035605897
0.3112686781537446
-0.19017111158996847
-0.45965465622436663
0.5353938862297647
-0.1597824375232011
-0.5914198651320506
-0.7882826920801265
0.5888911270201085
0.8869873952113587
0.6496264959041438
0.9966729356402066
-0.05313445576116238
-0.8037114291512946
0.5364108873525706
0.3378790980816013
-0.8376837802426265
-0.23103804943417416
0.36630037286897266
-0.8436761516686078
0.915217169037063
0.6541967799916995
-0.02320801819300744
0.3821381416939338
-0.8832398917417155
-0.7437194243734238
-0.43131801728490915
0.776577097110041
-0.43131801728490915
-0.4846012985966568
-0.4207554953450472
-0.2980407910849554
-0.1597824375232011
0.7437366286809883
-0.6849348398442943
0.915217169037063
-0.14388048126727315
0.4734250510703606
0.5888911270201085
0.5353938862297647
0.8425808231454708
-0.14765569134581713
0.9407483891330524
-0.4844144950997882
-0.6210143908495809
0.4141039643876978
-0.2724668236065737
0.09535155915208415
0.8229649108020696
-0.4497378339363092
-0.8037114291512946
-0.9121804008156189
-0.5914198651320506
-0.8037114291512946
0.4734250510703606
-0.8376837802426265
0.3378790980816013
0.3112686781537446
0.40995537448548425
-0.921636704096785
0.18048090130838523
0.09535155915208415
0.19722308019116808
-0.7908505035605897
-0.3025039347292877
0.4796088376597496
-0.4945079204047622
0.18048090130838523
-0.06020002702718186
0.4564719078663577
-0.12658742000323486
-0.08129992722723833
-0.4207554953450472
-0.2980407910849554
0.3322315301283316
-0.04503810085656568
-0.997455012104298
-0.7934354409306363
0.6496264959041438
-0.7882826920801265
0.7623651931733297
-0.7437194243734238
-0.8938763358650332
0.7677836318505971
0.25531559004222504
0.42823874030294196
-0.4846012985966568
-0.2724668236065737
0.6897445686911026
-0.542896942712652
0.05132378009025729
0.9292741533521007
