0.027152693869673117
0.041824204494252504
0.041824204494252504
-0.3900204111555561
-0.20983994105687898
0.9273192162635484
0.1243122303727977
0.26642720156872635
-0.6551109225887455
0.9647303646299423
0.6585130341450101
0.26642720156872635
-0.34549733792332504
0.5339179336561508
-0.027609204234097406
-0.027609204234097406
0.432430234660762
0.7708050917516562
-0.9587894495507352
-0.30879891318955033
0.6656842532049039
-0.34549733792332504
0.5339179336561508
-0.6839795041619015
0.041824204494252504
-0.12670358617566468
0.5339179336561508
0.1243122303727977
0.5384019376958367
0.041824204494252504
-0.35725914350916566
0.1243122303727977
0.9542036397022058
0.1344879861249939
-0.720182599555943
0.26642720156872635
-0.4894420338041663
0.618745592586494
-0.5106707165521893
0.9542036397022058
-0.009605812138931524
-0.838274848242603
-0.6233580503172804
0.9273192162635484
-0.0670691592538446
-0.08187731007576726
0.26642720156872635
0.12530269750618617
-0.4894420338041663
0.5384019376958367
0.34266874735210506
0.3288357813915457
-0.35725914350916566
0.15973602118520103
-0.009605812138931524
-0.6051668867520588
-0.34549733792332504
0.9012853870583579
0.15973602118520103
0.20436443601185794
0.33202051010508504
-0.17905358332769938
-0.4894420338041663
0.7708050917516562
0.33202051010508504
-0.9418099978742229
0.5384019376958367
0.9273192162635484
-0.9127932801373431
0.9273192162635484
0.1243122303727977
-0.0670691592538446
0.7252785052963497
-0.7468449484098809
-0.7468449484098809
0.09726457405389333
-0.17905358332769938
0.041824204494252504
0.1243122303727977
-0.25464255612881237
0.9542036397022058
-0.04113864066077033
0.1463111243031303
0.34266874735210506
-0.17905358332769938
0.1243122303727977
0.5965158410329812
0.7252785052963497
0.09726457405389333
0.33202051010508504
-0.04113864066077033
-0.30879891318955033
-0.9127932801373431
0.26642720156872635
0.17494338119404218
0.313109620858113
-0.30879891318955033
0.20436443601185794
-0.08187731007576726
0.041824204494252504
-0.17905358332769938
-0.35725914350916566
-0.489209529691212
-0.9418099978742229
-0.7468449484098809
-0.027609204234097406
-0.45390594273350326
-0.38151096552708097
0.618745592586494
0.26642720156872635
-0.06227267926645941
-0.34101446523526646
0.5339179336561508
0.504922877968526
-0.12670358617566468
0.9542036397022058
-0.04020815994433513
-0.25395944418127336
-0.4894420338041663
-0.34549733792332504
-0.47830212001523353
-0.6233580503172804
0.31883719787674925
0.26642720156872635
0.5339179336561508
-0.25395944418127336
-0.12670358617566468
-0.35725914350916566
-0.7468449484098809
-0.012936407420254703
0.12530269750618617
-0.4894420338041663
-0.34549733792332504
-0.04113864066077033
-0.31243842591052506
