-0.04731607662156567
-0.4765961203515936
-0.13342289766489834
-0.976691443078421
-0.06623710671223182
0.02484785022875169
-0.057251820453568136
0.9414828281767429
-0.9601481242545171
-0.26833982039746185
0.7181084735123995
-0.760250033498397
-0.664774795399834
0.5245434352115486
0.02034476937542884
-0.9527089586827002
0.3110603679418964
0.24830876752029174
0.3277517983393714
0.5369427806591534
-0.4765961203515936
-0.08624652635869823
0.8787089480835895
-0.7494246256426735
0.8787089480835895
-0.5799093239052808
-0.20099526687889302
-0.760250033498397
0.7028160644676154
-0.04731607662156567
-0.057251820453568136
0.052876250318721896
0.5245434352115486
0.5657516926230928
0.6884424301772747
-0.5338863301574444
-0.7494246256426735
0.349269076792158
0.710494300242416
-0.17536167628461796
-0.760250033498397
0.4216676614273085
-0.16802503524791224
-0.4765961203515936
-0.0421130015866269
-0.15242111140969206
-0.9015081260651485
0.563752019250114
0.508254694038287
0.508254694038287
0.6201033674464496
-0.6290996669829967
-0.20099526687889302
-0.7814839647627074
0.5245434352115486
-0.34132902642502727
-0.1891942287044115
-0.9601481242545171
-0.7490431516928822
0.5397483647851511
0.4475250456768818
0.851893968145685
-0.10310053422305954
0.011003805775961384
-0.3347398688342764
-0.8408954499671231
0.5397483647851511
0.5245434352115486
0.349269076792158
-0.6290996669829967
0.7737057231059001
-0.13342289766489834
-0.09614113078924191
-0.9015081260651485
0.011003805775961384
-0.645801717454789
0.8787089480835895
-0.09614113078924191
0.037076342531515705
-0.3347398688342764
0.508254694038287
-0.21604535854789364
0.41730614586645354
-0.6290996669829967
0.5369427806591534
0.1187057017282449
-0.16802503524791224
0.02034476937542884
0.02484785022875169
-0.04731607662156567
0.8787089480835895
-0.9527089586827002
-0.6080564900969281
0.07059115490110424
-0.6080564900969281
-0.20099526687889302
0.006373374579115021
0.037076342531515705
-0.879113512542163
0.4216676614273085
0.3962216343166942
-0.7490431516928822
-0.713122021566335
-0.9527089586827002
-0.27788509813801854
-0.3288995484499442
-0.713122021566335
-0.19978687862922717
0.5965392467408246
0.1942489610923972
0.053692478620394946
-0.7012993358917952
0.3536104139076206
0.5397483647851511
-0.7012993358917952
0.3962216343166942
0.9756940232035587
0.710494300242416
0.7181084735123995
-0.15242111140969206
0.7737057231059001
-0.06623710671223182
0.3962216343166942
-0.6172522127859934
-0.26833982039746185
-0.8423887405791364
-0.8220633830975816
-0.3478149243832642
-0.19978687862922717
-0.9378573693782415
-0.4476194737855257
-0.17536167628461796
-0.08624652635869823
0.508254694038287
-0.7217337362763263
