0.5154768778586221
-0.4249700640104286
-0.07123122810398441
0.08101569825913923
-0.8044537272067793
-0.4057218963053941
0.31239459409036985
-0.2803980995510882
0.5593383533382357
0.46874359356353756
-0.2727362852196815
0.30064516478985936
-0.9733503106664976
-0.22141920934243586
-0.9900836903678851
-0.9501767279415434
0.5625076115430454
0.38268547978843914
-0.09404711216621453
-0.572398433924838
0.8183476280014164
-0.7255673442387691
-0.4010581209536521
-0.09198069147874044
0.5757387528791404
0.5306088457827878
-0.21664426187060437
-0.428093579340451
-0.7409049379158701
-0.03503669673393128
0.6808890125865377
-0.8392962429617732
-0.07276181060498499
-0.30390678845918817
0.2586322731232995
-0.6049894225459074
-0.589751013024066
-0.3719005064228966
-0.5891883671184794
0.11816573322043089
0.8886749931184923
0.26835822137440846
0.41539082712911
0.9341768135978645
-0.7378381544314283
-0.9506797255971906
-0.6011374678351389
-0.7155559285416795
0.7949746337431067
0.3223524820707466
-0.8832348010845235
0.020326159732358295
0.26029408031715784
-0.8400429199334705
-0.9818613512843597
0.35799274094216615
0.194230333214652
0.6764836671331791
-0.28802852045084015
0.48083260510822434
-0.7704082071176304
-0.7398995870207061
0.7376895757021826
0.9889380581845801
-0.3199887730680253
-0.3822856926217748
-0.8438354965107215
-0.4670988825003608
0.9227143233619066
0.7552794797069733
-0.7494848804716572
-0.489998910095903
-0.11226114042407875
0.07239678178402986
-0.6819424718620195
-0.35647711092598544
-0.11481449844577374
-0.7063560892471221
0.284246763226335
-0.984719102590752
0.7962675096417262
0.5980725985137203
0.6019134208800396
-0.44182338157665146
-0.645150871775894
-0.5605765490599683
0.7892674995645037
0.7947380100833361
0.29441747855267564
-0.1681102538811481
0.549977435199158
-0.9386092591608297
0.16068124025125186
-0.6208361337233699
0.5580992807263807
0.3609480848452711
-0.974011943599665
0.5989834766809488
0.846254529648792
0.33464523961602644
-0.392928831667247
-0.9886769044325663
-0.8557093310980053
-0.13415005503299526
0.22211699158143583
-0.031906046971427626
-0.3529891563106804
0.8528473198274589
-0.6106849709599476
-0.5827610799222136
-0.31388080868979706
0.4978776565401173
-0.3166193467387619
0.4066490565526386
-0.04278293274765299
-0.6249094816404652
-0.18752917069682162
0.780539609951092
-0.8304386061992179
-0.585288926748833
-0.10167733661019285
0.0988569556276373
0.6105157368294762
0.12119649902370311
0.9220351371537441
0.03646470736982743
-0.5844823456206076
-0.7377289788153243
0.7612056967528664
0.3820560743411672
-0.8492060351606376
0.15483460265879345
0.162841159042999
0.5938275739381966
-0.28003725677157276
